record_id,status_code,created_at,updated_at,user_assigned_uuid,notes,demand,category
1,inactive,10/15/2020,11/17/2020,d28e46a4-cbf9-49ec-bdec-2528b59c576e,"Quisque porta volutpat erat. Quisque erat eros, viverra eget, congue eget, semper rutrum, nulla. Nunc purus.",low,Truck
2,active,6/19/2021,1/17/2021,eb4ae833-22f3-42a6-a3ce-2d334bfff3a1,"Sed sagittis. Nam congue, risus semper porta volutpat, quam pede lobortis ligula, sit amet eleifend pede libero quis orci. Nullam molestie nibh in lectus.",high,Van
3,inactive,3/19/2020,5/8/2021,78f6e7cb-f353-4700-9a50-082e3899b2c6,"In sagittis dui vel nisl. Duis ac nibh. Fusce lacus purus, aliquet at, feugiat non, pretium quis, lectus.",high,Extra Large
4,retired,12/3/2021,7/12/2020,d667444a-0721-48f2-9c14-d1b9c426b979,Phasellus sit amet erat. Nulla tempus. Vivamus in felis eu sapien cursus vestibulum.,high,Sport
5,active,6/25/2021,10/17/2021,2e3c88ed-8b6f-48e0-976e-1a93bf88c10e,Duis consequat dui nec nisi volutpat eleifend. Donec ut dolor. Morbi vel lectus in quam fringilla rhoncus.,high,Luxury
6,active,12/15/2021,5/8/2020,cdc38951-8e43-40fd-ae3b-6867e8c93b6f,"Maecenas tristique, est et tempus semper, est quam pharetra magna, ac consequat metus sapien ut nunc. Vestibulum ante ipsum primis in faucibus orci luctus et ultrices posuere cubilia Curae; Mauris viverra diam vitae quam. Suspendisse potenti.",low,Economical
7,inactive,2/17/2021,3/1/2020,87e0300f-1715-4b21-a94f-72c4d18ea10c,Duis aliquam convallis nunc. Proin at turpis a pede posuere nonummy. Integer non velit.,high,Extra Large
8,pending,1/6/2021,2/7/2020,5dbd3389-492c-4f3b-9856-6cfe9308f0f6,Praesent id massa id nisl venenatis lacinia. Aenean sit amet justo. Morbi ut odio.,high,Sport
9,retired,4/22/2020,11/19/2020,135bddd9-03c0-44c5-95d3-5dcc7d9c4fa9,Duis consequat dui nec nisi volutpat eleifend. Donec ut dolor. Morbi vel lectus in quam fringilla rhoncus.,low,Van
10,pending,7/18/2021,1/15/2021,8b57ee83-5599-4af9-bd36-5c61d3cea01b,Nullam sit amet turpis elementum ligula vehicula consequat. Morbi a ipsum. Integer a nibh.,low,Economical
11,retired,3/16/2020,1/3/2020,91edfeb2-71ba-44da-a04d-cab4fe965b30,Suspendisse potenti. In eleifend quam a odio. In hac habitasse platea dictumst.,high,Truck
12,retired,2/9/2021,4/2/2020,21677f7c-9444-40d5-a34f-7cdf88f4aad8,"Curabitur gravida nisi at nibh. In hac habitasse platea dictumst. Aliquam augue quam, sollicitudin vitae, consectetuer eget, rutrum at, lorem.",low,Extra Large
13,active,7/25/2021,6/30/2021,145d28cd-5b8e-4abd-8d35-bf057554680f,"Morbi porttitor lorem id ligula. Suspendisse ornare consequat lectus. In est risus, auctor sed, tristique in, tempus sit amet, sem.",low,Sport
14,inactive,6/14/2020,7/13/2021,55895ffa-67bd-4e68-b2fa-4388be32b3f8,Cras non velit nec nisi vulputate nonummy. Maecenas tincidunt lacus at velit. Vivamus vel nulla eget eros elementum pellentesque.,medium,Luxury
15,pending,12/3/2020,9/14/2021,7e265d1e-2372-4a0b-9217-64d6ceaff03b,In congue. Etiam justo. Etiam pretium iaculis justo.,high,Van
16,inactive,5/27/2021,9/5/2021,b4a36e92-a17f-4dc4-9e8d-fb6bd3e7fdf8,"Curabitur at ipsum ac tellus semper interdum. Mauris ullamcorper purus sit amet nulla. Quisque arcu libero, rutrum ac, lobortis vel, dapibus at, diam.",low,Extra Large
17,inactive,2/20/2021,12/8/2021,f31095d2-0ec3-4a63-a1d7-9a4e4e64c4fc,Nulla ut erat id mauris vulputate elementum. Nullam varius. Nulla facilisi.,medium,Luxury
18,retired,4/17/2020,7/6/2020,e89a4a33-7e44-4a55-bc97-faed79439301,Aliquam quis turpis eget elit sodales scelerisque. Mauris sit amet eros. Suspendisse accumsan tortor quis turpis.,medium,Truck
19,pending,2/14/2021,5/18/2021,06139128-21c6-4158-90f4-618339051811,Integer tincidunt ante vel ipsum. Praesent blandit lacinia erat. Vestibulum sed magna at nunc commodo placerat.,high,Sport
20,inactive,5/18/2021,4/14/2021,1f3ca2b8-57a6-4413-b5d4-9e8f56194ff3,Suspendisse potenti. In eleifend quam a odio. In hac habitasse platea dictumst.,high,Luxury
21,retired,12/7/2020,2/26/2020,52ef675b-6531-48c0-b80a-522acd633e98,"Cum sociis natoque penatibus et magnis dis parturient montes, nascetur ridiculus mus. Vivamus vestibulum sagittis sapien. Cum sociis natoque penatibus et magnis dis parturient montes, nascetur ridiculus mus.",medium,Truck
22,retired,6/9/2021,5/27/2020,4803cdd9-0d7a-480c-a54a-543969a1e84d,Cras non velit nec nisi vulputate nonummy. Maecenas tincidunt lacus at velit. Vivamus vel nulla eget eros elementum pellentesque.,high,Van
23,active,9/10/2020,1/12/2020,14c90fc9-5f72-4975-98c6-520339b4f032,Pellentesque at nulla. Suspendisse potenti. Cras in purus eu magna vulputate luctus.,medium,Truck
24,active,8/1/2020,10/15/2020,2dbc177b-e3ef-4b26-b1b8-1da517ccc169,Integer ac leo. Pellentesque ultrices mattis odio. Donec vitae nisi.,low,Luxury
25,pending,7/30/2021,3/10/2021,0da7c1df-1c0f-432e-b075-bfd2cfa01180,In quis justo. Maecenas rhoncus aliquam lacus. Morbi quis tortor id nulla ultrices aliquet.,high,Sport
26,inactive,9/12/2021,3/11/2020,aee233dd-ccde-4cf7-beb1-d519290ca50e,Duis consequat dui nec nisi volutpat eleifend. Donec ut dolor. Morbi vel lectus in quam fringilla rhoncus.,low,Sport
27,pending,8/10/2020,9/12/2020,ba4f151f-0f2b-4f2e-8213-eaa8b5c2f3bd,"Nam ultrices, libero non mattis pulvinar, nulla pede ullamcorper augue, a suscipit nulla elit ac nulla. Sed vel enim sit amet nunc viverra dapibus. Nulla suscipit ligula in lacus.",high,Truck
28,retired,8/28/2021,12/31/2020,27839816-3998-425d-b536-be1b0d4b41ad,Nullam porttitor lacus at turpis. Donec posuere metus vitae ipsum. Aliquam non mauris.,low,Sport
29,retired,5/14/2020,1/27/2020,392ea647-ce64-45f9-938d-f6f58d73911a,"Lorem ipsum dolor sit amet, consectetuer adipiscing elit. Proin risus. Praesent lectus.",low,Van
30,active,12/2/2021,4/8/2020,7b6fce75-1e21-4434-b0ef-3b4280eaf48b,"Cum sociis natoque penatibus et magnis dis parturient montes, nascetur ridiculus mus. Vivamus vestibulum sagittis sapien. Cum sociis natoque penatibus et magnis dis parturient montes, nascetur ridiculus mus.",high,Luxury
31,active,1/11/2020,10/11/2020,b74cd830-0d13-4f95-a7eb-d358ecfe0fd3,"Proin leo odio, porttitor id, consequat in, consequat ut, nulla. Sed accumsan felis. Ut at dolor quis odio consequat varius.",low,Sport
32,inactive,7/19/2020,8/13/2020,6722683a-4260-4b7d-96ef-b07266926b66,Aenean lectus. Pellentesque eget nunc. Donec quis orci eget orci vehicula condimentum.,high,Van
33,inactive,6/3/2021,12/10/2020,e4a0536a-0267-4fd1-866b-27b6526a19ea,"Proin leo odio, porttitor id, consequat in, consequat ut, nulla. Sed accumsan felis. Ut at dolor quis odio consequat varius.",medium,Van
34,pending,3/3/2021,6/30/2021,caa5c387-70cc-42ce-b0e2-48828152f5eb,Etiam vel augue. Vestibulum rutrum rutrum neque. Aenean auctor gravida sem.,medium,Economical
35,active,8/1/2020,1/13/2020,8b18acdd-7ac8-427b-9902-6acc79868b89,Aenean lectus. Pellentesque eget nunc. Donec quis orci eget orci vehicula condimentum.,medium,Economical
36,pending,1/19/2021,6/8/2021,cc3eec6d-698a-448f-9bf9-50b34ddd1fcb,Pellentesque at nulla. Suspendisse potenti. Cras in purus eu magna vulputate luctus.,high,Economical
37,pending,11/27/2021,11/10/2021,f839d86e-2a77-48a0-a8cf-9c6056bb4368,Pellentesque at nulla. Suspendisse potenti. Cras in purus eu magna vulputate luctus.,high,Van
38,pending,1/1/2020,9/30/2021,9819c374-ba9a-4343-b6f7-2d067ba9078f,"Cras mi pede, malesuada in, imperdiet et, commodo vulputate, justo. In blandit ultrices enim. Lorem ipsum dolor sit amet, consectetuer adipiscing elit.",low,Sport
39,active,9/3/2020,12/7/2020,83381fde-7fd5-4743-8829-a6282e844dec,Suspendisse potenti. In eleifend quam a odio. In hac habitasse platea dictumst.,high,Economical
40,retired,7/27/2020,2/16/2020,dec4f987-50db-42f6-b3d1-3c1562a139b1,"Nam ultrices, libero non mattis pulvinar, nulla pede ullamcorper augue, a suscipit nulla elit ac nulla. Sed vel enim sit amet nunc viverra dapibus. Nulla suscipit ligula in lacus.",medium,Luxury
41,pending,12/19/2021,11/23/2021,b8673901-1065-49a0-826d-776c06a465cb,Praesent id massa id nisl venenatis lacinia. Aenean sit amet justo. Morbi ut odio.,high,Truck
42,active,7/18/2020,11/2/2020,1c34e307-4efd-4fae-88a0-f19a2053deb0,"Curabitur in libero ut massa volutpat convallis. Morbi odio odio, elementum eu, interdum eu, tincidunt in, leo. Maecenas pulvinar lobortis est.",high,Van
43,pending,5/18/2021,10/30/2020,b7586234-7229-49da-b3d6-4c469740cb11,"Sed sagittis. Nam congue, risus semper porta volutpat, quam pede lobortis ligula, sit amet eleifend pede libero quis orci. Nullam molestie nibh in lectus.",medium,Economical
44,inactive,7/24/2020,10/30/2020,da452cb6-fd8a-46ee-a95a-f63caae55439,Sed ante. Vivamus tortor. Duis mattis egestas metus.,high,Economical
45,pending,12/11/2021,1/17/2021,470d1f57-adc7-4964-b80e-2b9d92cd9381,"Proin interdum mauris non ligula pellentesque ultrices. Phasellus id sapien in sapien iaculis congue. Vivamus metus arcu, adipiscing molestie, hendrerit at, vulputate vitae, nisl.",medium,Truck
46,retired,10/25/2020,2/2/2021,c8838b01-7526-4a04-bce1-679b7c898ea2,"Aenean fermentum. Donec ut mauris eget massa tempor convallis. Nulla neque libero, convallis eget, eleifend luctus, ultricies eu, nibh.",high,Truck
47,inactive,9/9/2021,10/10/2021,4e9b3d42-d415-4900-8333-97b417397aaa,"Proin leo odio, porttitor id, consequat in, consequat ut, nulla. Sed accumsan felis. Ut at dolor quis odio consequat varius.",medium,Extra Large
48,retired,6/13/2021,12/11/2021,f1f8f8f0-d4a6-4854-a7f3-e331eff0491e,"Duis bibendum, felis sed interdum venenatis, turpis enim blandit mi, in porttitor pede justo eu massa. Donec dapibus. Duis at velit eu est congue elementum.",medium,Van
49,retired,5/28/2020,3/5/2021,bbfdb53d-363a-4c31-b8dd-f8bb13f24bde,Maecenas ut massa quis augue luctus tincidunt. Nulla mollis molestie lorem. Quisque ut erat.,high,Economical
50,retired,1/29/2021,8/9/2020,dcba677c-f5d9-4ab6-b059-4618c46b8012,Phasellus sit amet erat. Nulla tempus. Vivamus in felis eu sapien cursus vestibulum.,low,Truck
51,inactive,3/2/2020,3/7/2021,c68aae5f-d124-4b04-87e4-ff8f7e5257c6,"In sagittis dui vel nisl. Duis ac nibh. Fusce lacus purus, aliquet at, feugiat non, pretium quis, lectus.",high,Economical
52,pending,2/22/2020,4/14/2021,21fb8bb0-6f13-4768-9af7-d86fad7ef9ec,Maecenas ut massa quis augue luctus tincidunt. Nulla mollis molestie lorem. Quisque ut erat.,low,Luxury
53,inactive,7/6/2021,1/15/2020,015a7d2f-8892-47f5-8bba-6b920962ac10,"Aenean fermentum. Donec ut mauris eget massa tempor convallis. Nulla neque libero, convallis eget, eleifend luctus, ultricies eu, nibh.",high,Van
54,pending,9/23/2021,2/23/2020,02161b28-78c0-4a79-ad96-655524f7efbd,"Aenean fermentum. Donec ut mauris eget massa tempor convallis. Nulla neque libero, convallis eget, eleifend luctus, ultricies eu, nibh.",high,Extra Large
55,pending,9/8/2020,4/3/2020,1b2706be-74f6-4ea7-b21d-efd2dc302735,Nulla ut erat id mauris vulputate elementum. Nullam varius. Nulla facilisi.,high,Van
56,inactive,6/15/2021,9/27/2021,f453d2f1-0a8c-4e98-80bd-d080573a7399,"Nam ultrices, libero non mattis pulvinar, nulla pede ullamcorper augue, a suscipit nulla elit ac nulla. Sed vel enim sit amet nunc viverra dapibus. Nulla suscipit ligula in lacus.",low,Sport
57,pending,9/22/2021,11/27/2020,43910c52-cec9-4d93-b292-451199739cfb,Sed ante. Vivamus tortor. Duis mattis egestas metus.,high,Van
58,retired,7/12/2021,4/6/2020,fb73b3de-b83a-49b1-b52a-3fb16d857c83,"Maecenas tristique, est et tempus semper, est quam pharetra magna, ac consequat metus sapien ut nunc. Vestibulum ante ipsum primis in faucibus orci luctus et ultrices posuere cubilia Curae; Mauris viverra diam vitae quam. Suspendisse potenti.",medium,Economical
59,active,4/28/2021,10/19/2021,74b8bbf8-8c98-48a7-bf4a-b5f5cbb638aa,Integer ac leo. Pellentesque ultrices mattis odio. Donec vitae nisi.,medium,Luxury
60,inactive,8/7/2020,7/24/2021,e430f5b7-ae66-49c9-9fa9-c96d93bebea7,Nullam sit amet turpis elementum ligula vehicula consequat. Morbi a ipsum. Integer a nibh.,medium,Truck
61,inactive,1/31/2020,6/25/2021,09738cc2-2301-4c18-8bfd-cc179223f0b0,"In sagittis dui vel nisl. Duis ac nibh. Fusce lacus purus, aliquet at, feugiat non, pretium quis, lectus.",high,Luxury
62,retired,9/10/2021,3/11/2021,b22d1015-677c-49f7-aa86-72407b0e04be,"Donec diam neque, vestibulum eget, vulputate ut, ultrices vel, augue. Vestibulum ante ipsum primis in faucibus orci luctus et ultrices posuere cubilia Curae; Donec pharetra, magna vestibulum aliquet ultrices, erat tortor sollicitudin mi, sit amet lobortis sapien sapien non mi. Integer ac neque.",low,Luxury
63,inactive,10/29/2021,6/26/2021,da258bb1-92fa-4302-82d0-ace90cde3f62,Phasellus sit amet erat. Nulla tempus. Vivamus in felis eu sapien cursus vestibulum.,low,Economical
64,active,3/28/2020,10/5/2021,44e74233-6b16-405c-bdd7-27564eb3b715,"Proin eu mi. Nulla ac enim. In tempor, turpis nec euismod scelerisque, quam turpis adipiscing lorem, vitae mattis nibh ligula nec sem.",high,Luxury
65,pending,11/1/2020,3/9/2021,2b3611b5-4612-487d-9f83-6c005637e798,"Proin leo odio, porttitor id, consequat in, consequat ut, nulla. Sed accumsan felis. Ut at dolor quis odio consequat varius.",medium,Truck
66,retired,5/10/2020,2/27/2021,e487b871-c932-4f8e-9e25-c3ec6fda7fa7,"Maecenas tristique, est et tempus semper, est quam pharetra magna, ac consequat metus sapien ut nunc. Vestibulum ante ipsum primis in faucibus orci luctus et ultrices posuere cubilia Curae; Mauris viverra diam vitae quam. Suspendisse potenti.",medium,Van
67,active,9/28/2021,7/20/2021,f45141ec-bb9a-4be1-9051-ed728f9a5706,"Maecenas tristique, est et tempus semper, est quam pharetra magna, ac consequat metus sapien ut nunc. Vestibulum ante ipsum primis in faucibus orci luctus et ultrices posuere cubilia Curae; Mauris viverra diam vitae quam. Suspendisse potenti.",high,Extra Large
68,active,8/25/2020,6/1/2020,a75d6b18-283a-4cb5-a26c-e9f0d7958973,"Sed sagittis. Nam congue, risus semper porta volutpat, quam pede lobortis ligula, sit amet eleifend pede libero quis orci. Nullam molestie nibh in lectus.",low,Economical
69,pending,10/1/2020,8/23/2021,afa4a798-adae-4c04-9a61-50437d265670,Duis aliquam convallis nunc. Proin at turpis a pede posuere nonummy. Integer non velit.,high,Van
70,pending,8/8/2020,5/10/2020,0bd96f77-1e87-44fe-b99d-db5ba2a64dd5,Duis consequat dui nec nisi volutpat eleifend. Donec ut dolor. Morbi vel lectus in quam fringilla rhoncus.,high,Extra Large
71,retired,2/27/2020,12/4/2021,564a9f2e-3b22-4119-891e-857bda31a51c,Aliquam quis turpis eget elit sodales scelerisque. Mauris sit amet eros. Suspendisse accumsan tortor quis turpis.,low,Extra Large
72,inactive,11/3/2020,4/13/2020,97c847b1-ac68-42d2-9274-1f56dc4da79b,Fusce consequat. Nulla nisl. Nunc nisl.,low,Sport
73,inactive,7/15/2021,4/2/2021,d6df744a-0e4e-4ffc-a86e-8e0caa89a5a5,"Vestibulum quam sapien, varius ut, blandit non, interdum in, ante. Vestibulum ante ipsum primis in faucibus orci luctus et ultrices posuere cubilia Curae; Duis faucibus accumsan odio. Curabitur convallis.",high,Extra Large
74,inactive,10/14/2020,6/29/2020,69210bc6-dfb0-42f7-8a68-56cca8bc33c5,In congue. Etiam justo. Etiam pretium iaculis justo.,low,Van
75,inactive,3/13/2021,2/18/2020,3a78781b-734f-4dc1-a274-d494a353f869,"Proin leo odio, porttitor id, consequat in, consequat ut, nulla. Sed accumsan felis. Ut at dolor quis odio consequat varius.",medium,Extra Large
76,retired,10/8/2021,7/12/2020,04587749-ca41-4576-91d1-aa8faacb81fc,"Curabitur at ipsum ac tellus semper interdum. Mauris ullamcorper purus sit amet nulla. Quisque arcu libero, rutrum ac, lobortis vel, dapibus at, diam.",medium,Luxury
77,retired,6/15/2021,3/28/2020,36d5d34a-c17f-4ee7-a962-539bb36b8024,Phasellus in felis. Donec semper sapien a libero. Nam dui.,high,Sport
78,inactive,2/23/2020,1/18/2021,5edaae3b-0b04-49ee-8a25-fe265af62c37,"Praesent blandit. Nam nulla. Integer pede justo, lacinia eget, tincidunt eget, tempus vel, pede.",high,Extra Large
79,inactive,12/25/2021,12/2/2021,5ff071e6-2f5f-490e-becd-e5e0e7150289,"Donec diam neque, vestibulum eget, vulputate ut, ultrices vel, augue. Vestibulum ante ipsum primis in faucibus orci luctus et ultrices posuere cubilia Curae; Donec pharetra, magna vestibulum aliquet ultrices, erat tortor sollicitudin mi, sit amet lobortis sapien sapien non mi. Integer ac neque.",high,Van
80,active,11/14/2020,8/20/2021,c4ea26f8-6204-4ee7-9ec7-cead81fbfeb6,Aliquam quis turpis eget elit sodales scelerisque. Mauris sit amet eros. Suspendisse accumsan tortor quis turpis.,high,Economical
81,inactive,12/29/2020,2/2/2020,5a979df2-f1de-4d53-a44e-be2c9cf1fe6f,Duis bibendum. Morbi non quam nec dui luctus rutrum. Nulla tellus.,low,Truck
82,pending,5/11/2020,8/23/2021,72ac6b92-9c7b-4a11-8208-4c680009cbb4,"Sed sagittis. Nam congue, risus semper porta volutpat, quam pede lobortis ligula, sit amet eleifend pede libero quis orci. Nullam molestie nibh in lectus.",high,Truck
83,pending,12/28/2020,3/15/2020,38dc8186-d550-43cf-8780-478acfb1f6c3,Maecenas ut massa quis augue luctus tincidunt. Nulla mollis molestie lorem. Quisque ut erat.,low,Van
84,retired,5/14/2021,4/1/2021,fd9d233c-fb4e-447d-81e2-8d2f7f506c2f,In quis justo. Maecenas rhoncus aliquam lacus. Morbi quis tortor id nulla ultrices aliquet.,high,Van
85,active,7/29/2021,3/31/2021,8f52cf9b-968b-473c-a752-aa7c44cb59d5,In congue. Etiam justo. Etiam pretium iaculis justo.,high,Van
86,active,9/29/2020,1/27/2020,8e12a01f-d32a-43b0-8a83-ae676e52004c,Nullam sit amet turpis elementum ligula vehicula consequat. Morbi a ipsum. Integer a nibh.,high,Sport
87,inactive,7/16/2021,4/18/2021,71073efb-9dc6-4268-a5b6-858dcb041165,"Lorem ipsum dolor sit amet, consectetuer adipiscing elit. Proin risus. Praesent lectus.",high,Economical
88,retired,4/16/2020,8/5/2020,9e5e4bb9-56cb-43c9-8ee6-5621bf7645de,Pellentesque at nulla. Suspendisse potenti. Cras in purus eu magna vulputate luctus.,high,Luxury
89,inactive,4/16/2020,8/7/2020,e8e67a04-5eac-4efd-add7-5b1368802e02,"Fusce posuere felis sed lacus. Morbi sem mauris, laoreet ut, rhoncus aliquet, pulvinar sed, nisl. Nunc rhoncus dui vel sem.",high,Extra Large
90,active,10/7/2020,3/31/2020,ef4824b6-282e-470f-bb98-45d49cf3b247,"Vestibulum ac est lacinia nisi venenatis tristique. Fusce congue, diam id ornare imperdiet, sapien urna pretium nisl, ut volutpat sapien arcu sed augue. Aliquam erat volutpat.",low,Economical
91,active,4/28/2021,5/7/2021,7f446a4b-b823-4f2e-9597-b11ee8c3f5f3,Phasellus sit amet erat. Nulla tempus. Vivamus in felis eu sapien cursus vestibulum.,high,Van
92,active,11/18/2020,3/16/2020,7f61f9e0-49c8-4671-be8b-a702e6ffface,Phasellus in felis. Donec semper sapien a libero. Nam dui.,medium,Van
93,retired,3/6/2020,2/15/2020,61b81c67-eaaf-4a85-bb6c-7ee97bc0ae9c,"Curabitur at ipsum ac tellus semper interdum. Mauris ullamcorper purus sit amet nulla. Quisque arcu libero, rutrum ac, lobortis vel, dapibus at, diam.",high,Truck
94,pending,12/17/2021,1/28/2020,59fba11f-f20c-4fa9-b8d7-ec868473a40d,Suspendisse potenti. In eleifend quam a odio. In hac habitasse platea dictumst.,high,Van
95,inactive,1/24/2021,12/5/2020,3aba3959-8e61-41a6-8d30-15168ffe928e,"Aenean fermentum. Donec ut mauris eget massa tempor convallis. Nulla neque libero, convallis eget, eleifend luctus, ultricies eu, nibh.",low,Sport
96,pending,2/10/2021,3/30/2021,f0dc0752-ce0c-4ae6-b277-a02958df7123,Fusce consequat. Nulla nisl. Nunc nisl.,high,Truck
97,inactive,7/19/2021,8/7/2020,58b8423e-cb5a-4721-b3ea-05af99d15658,"Proin eu mi. Nulla ac enim. In tempor, turpis nec euismod scelerisque, quam turpis adipiscing lorem, vitae mattis nibh ligula nec sem.",medium,Luxury
98,pending,3/28/2021,3/22/2020,07f6d36a-ea47-47fe-9b24-b2941cbd5800,"Nam ultrices, libero non mattis pulvinar, nulla pede ullamcorper augue, a suscipit nulla elit ac nulla. Sed vel enim sit amet nunc viverra dapibus. Nulla suscipit ligula in lacus.",low,Sport
99,active,10/7/2021,3/19/2021,75444285-3ab0-411c-9350-a3b16f920266,"Donec diam neque, vestibulum eget, vulputate ut, ultrices vel, augue. Vestibulum ante ipsum primis in faucibus orci luctus et ultrices posuere cubilia Curae; Donec pharetra, magna vestibulum aliquet ultrices, erat tortor sollicitudin mi, sit amet lobortis sapien sapien non mi. Integer ac neque.",low,Truck
100,active,1/6/2021,8/31/2021,2d3f88d4-e9a3-4bf0-bfd0-fc9297adc378,"Quisque id justo sit amet sapien dignissim vestibulum. Vestibulum ante ipsum primis in faucibus orci luctus et ultrices posuere cubilia Curae; Nulla dapibus dolor vel est. Donec odio justo, sollicitudin ut, suscipit a, feugiat et, eros.",medium,Van
101,pending,8/2/2020,6/25/2020,6c5519c8-f01b-4557-8477-acb24979f8f5,"Lorem ipsum dolor sit amet, consectetuer adipiscing elit. Proin risus. Praesent lectus.",low,Extra Large
102,inactive,2/12/2021,11/9/2021,830c4c0c-42ad-4728-8b74-a8d6a4dec488,"Aenean fermentum. Donec ut mauris eget massa tempor convallis. Nulla neque libero, convallis eget, eleifend luctus, ultricies eu, nibh.",low,Sport
103,inactive,5/28/2020,6/24/2020,843575cd-b407-4d15-b743-19a9ee75eb50,"Proin eu mi. Nulla ac enim. In tempor, turpis nec euismod scelerisque, quam turpis adipiscing lorem, vitae mattis nibh ligula nec sem.",low,Luxury
104,active,10/2/2020,4/22/2020,a1be4cea-5644-4112-a9ee-0ec5e2daf7b5,Maecenas ut massa quis augue luctus tincidunt. Nulla mollis molestie lorem. Quisque ut erat.,low,Extra Large
105,active,6/11/2020,4/25/2021,7c22b9c5-0f7c-4249-aecb-21b382cd9c67,Maecenas ut massa quis augue luctus tincidunt. Nulla mollis molestie lorem. Quisque ut erat.,high,Truck
106,inactive,5/11/2021,2/4/2020,e294b41e-bb8a-44b1-8516-8876a0f4d2fe,Nullam porttitor lacus at turpis. Donec posuere metus vitae ipsum. Aliquam non mauris.,low,Truck
107,pending,7/17/2021,7/11/2020,138172bf-c039-4dff-a38e-ce9796129d23,Etiam vel augue. Vestibulum rutrum rutrum neque. Aenean auctor gravida sem.,high,Economical
108,retired,10/13/2021,12/20/2020,6d8d86b2-4509-46ac-bcb3-2505b57b18d0,"Morbi non lectus. Aliquam sit amet diam in magna bibendum imperdiet. Nullam orci pede, venenatis non, sodales sed, tincidunt eu, felis.",high,Truck
109,active,5/12/2020,10/18/2021,86f77a9f-023b-4607-b357-b7c3dd4db85a,Duis consequat dui nec nisi volutpat eleifend. Donec ut dolor. Morbi vel lectus in quam fringilla rhoncus.,medium,Van
110,active,9/24/2020,9/25/2020,320a3357-9fd4-4b68-ba0f-9de775767d5e,Nullam porttitor lacus at turpis. Donec posuere metus vitae ipsum. Aliquam non mauris.,high,Sport
111,retired,12/21/2021,10/17/2021,7577e529-64aa-4c7a-981f-70f2f424cc44,"Vestibulum ac est lacinia nisi venenatis tristique. Fusce congue, diam id ornare imperdiet, sapien urna pretium nisl, ut volutpat sapien arcu sed augue. Aliquam erat volutpat.",low,Luxury
112,inactive,1/2/2020,3/7/2020,48cc3de2-9044-4c27-b439-7676306b0362,Aliquam quis turpis eget elit sodales scelerisque. Mauris sit amet eros. Suspendisse accumsan tortor quis turpis.,low,Sport
113,active,12/2/2020,11/12/2020,91e052d0-17a5-4db8-b156-f6d9a8ba7fd2,Duis bibendum. Morbi non quam nec dui luctus rutrum. Nulla tellus.,high,Van
114,active,7/7/2020,9/4/2021,2218c281-e0b6-4f36-82f2-6c481bba164f,Duis consequat dui nec nisi volutpat eleifend. Donec ut dolor. Morbi vel lectus in quam fringilla rhoncus.,high,Extra Large
115,inactive,5/17/2020,4/3/2020,662b7d48-b3b3-4023-a44b-427e3d9995ab,Integer ac leo. Pellentesque ultrices mattis odio. Donec vitae nisi.,low,Sport
116,retired,7/5/2021,8/10/2020,e648088b-ef2e-4e7b-aa6f-3f246c59313c,Phasellus in felis. Donec semper sapien a libero. Nam dui.,medium,Extra Large
117,active,7/5/2021,4/24/2021,422e5ee2-d929-4646-a00c-6a40e57827d1,"Vestibulum quam sapien, varius ut, blandit non, interdum in, ante. Vestibulum ante ipsum primis in faucibus orci luctus et ultrices posuere cubilia Curae; Duis faucibus accumsan odio. Curabitur convallis.",high,Extra Large
118,retired,11/21/2021,10/20/2020,d7c34980-4732-483f-b167-0415beec4c92,"Mauris enim leo, rhoncus sed, vestibulum sit amet, cursus id, turpis. Integer aliquet, massa id lobortis convallis, tortor risus dapibus augue, vel accumsan tellus nisi eu orci. Mauris lacinia sapien quis libero.",high,Luxury
119,active,5/11/2020,7/22/2020,20aeddbc-7813-4f70-876c-a801fa73653b,Cras non velit nec nisi vulputate nonummy. Maecenas tincidunt lacus at velit. Vivamus vel nulla eget eros elementum pellentesque.,medium,Van
120,active,9/21/2021,6/6/2020,ac5e9a0b-8110-4085-81d4-a77b6a28e5c1,"Aenean fermentum. Donec ut mauris eget massa tempor convallis. Nulla neque libero, convallis eget, eleifend luctus, ultricies eu, nibh.",low,Van
121,inactive,7/6/2021,6/5/2021,1e093ba1-9678-4704-9f52-b26ae8ff9774,Suspendisse potenti. In eleifend quam a odio. In hac habitasse platea dictumst.,high,Van
122,inactive,10/17/2020,3/13/2020,ffbdd8ea-a5de-4d62-9b10-7f23abe3e786,"Praesent blandit. Nam nulla. Integer pede justo, lacinia eget, tincidunt eget, tempus vel, pede.",low,Truck
123,active,9/12/2020,3/18/2021,8f5e4dc1-eaf3-440b-afd8-5bac446d972c,Fusce consequat. Nulla nisl. Nunc nisl.,low,Luxury
124,retired,3/15/2020,5/30/2020,c695001c-0ca7-43f2-a9c4-d4b11caad0ff,"Cum sociis natoque penatibus et magnis dis parturient montes, nascetur ridiculus mus. Vivamus vestibulum sagittis sapien. Cum sociis natoque penatibus et magnis dis parturient montes, nascetur ridiculus mus.",high,Truck
125,inactive,12/10/2020,11/21/2020,fef621e1-e31b-4757-bacf-538e6c697170,"Vestibulum ac est lacinia nisi venenatis tristique. Fusce congue, diam id ornare imperdiet, sapien urna pretium nisl, ut volutpat sapien arcu sed augue. Aliquam erat volutpat.",low,Van
126,active,4/22/2021,11/4/2020,a152563b-670c-4131-9de4-c3490c43c323,Duis aliquam convallis nunc. Proin at turpis a pede posuere nonummy. Integer non velit.,high,Van
127,inactive,12/18/2021,6/5/2020,d0840f11-a214-47c6-ac6c-9c0dcffc15b4,Praesent id massa id nisl venenatis lacinia. Aenean sit amet justo. Morbi ut odio.,medium,Sport
128,retired,6/2/2020,1/6/2021,0da02ebc-417a-46fb-a8b8-be73d975da41,"Maecenas tristique, est et tempus semper, est quam pharetra magna, ac consequat metus sapien ut nunc. Vestibulum ante ipsum primis in faucibus orci luctus et ultrices posuere cubilia Curae; Mauris viverra diam vitae quam. Suspendisse potenti.",low,Sport
129,inactive,6/8/2021,3/11/2020,3a3e81a7-da57-4ba3-82f7-0c6ccbfabf18,"Aenean fermentum. Donec ut mauris eget massa tempor convallis. Nulla neque libero, convallis eget, eleifend luctus, ultricies eu, nibh.",high,Economical
130,inactive,7/12/2021,11/10/2020,ced4219d-59ad-46ac-9aee-e90ec8c4b485,"Vestibulum ac est lacinia nisi venenatis tristique. Fusce congue, diam id ornare imperdiet, sapien urna pretium nisl, ut volutpat sapien arcu sed augue. Aliquam erat volutpat.",medium,Truck
131,inactive,2/13/2021,8/23/2021,36efb79a-ff3d-462b-912c-781860597fa0,"In sagittis dui vel nisl. Duis ac nibh. Fusce lacus purus, aliquet at, feugiat non, pretium quis, lectus.",high,Extra Large
132,inactive,10/31/2020,7/29/2021,08d071f0-3130-4605-908c-6d5e75734bb8,"Curabitur gravida nisi at nibh. In hac habitasse platea dictumst. Aliquam augue quam, sollicitudin vitae, consectetuer eget, rutrum at, lorem.",medium,Truck
133,active,7/10/2021,12/20/2020,d9099c14-833a-4463-b039-e6f8da5cce32,"Quisque id justo sit amet sapien dignissim vestibulum. Vestibulum ante ipsum primis in faucibus orci luctus et ultrices posuere cubilia Curae; Nulla dapibus dolor vel est. Donec odio justo, sollicitudin ut, suscipit a, feugiat et, eros.",medium,Van
134,inactive,11/10/2021,7/3/2020,47ea51cb-54fd-414d-9aa4-ea96b25e9d66,"Curabitur in libero ut massa volutpat convallis. Morbi odio odio, elementum eu, interdum eu, tincidunt in, leo. Maecenas pulvinar lobortis est.",medium,Sport
135,active,9/16/2020,11/19/2020,681ba7c1-1fb0-4ac1-9ee6-b6b2d32be19d,"Curabitur at ipsum ac tellus semper interdum. Mauris ullamcorper purus sit amet nulla. Quisque arcu libero, rutrum ac, lobortis vel, dapibus at, diam.",low,Luxury
136,retired,12/27/2020,7/7/2020,1ef606a3-38f0-4dc9-8df5-5e70fd0d8af4,"Nam ultrices, libero non mattis pulvinar, nulla pede ullamcorper augue, a suscipit nulla elit ac nulla. Sed vel enim sit amet nunc viverra dapibus. Nulla suscipit ligula in lacus.",low,Sport
137,inactive,12/8/2020,7/4/2020,f2b0919f-c907-488f-bdfa-a4c4a3c79329,Aenean lectus. Pellentesque eget nunc. Donec quis orci eget orci vehicula condimentum.,high,Sport
138,inactive,6/20/2021,7/3/2021,51bc76b8-7239-4b79-b1d2-3cc9f5226576,"Mauris enim leo, rhoncus sed, vestibulum sit amet, cursus id, turpis. Integer aliquet, massa id lobortis convallis, tortor risus dapibus augue, vel accumsan tellus nisi eu orci. Mauris lacinia sapien quis libero.",medium,Van
139,pending,5/6/2020,5/28/2021,2a39a3ad-20d0-4b5e-8a8d-3e2de34f5309,Nulla ut erat id mauris vulputate elementum. Nullam varius. Nulla facilisi.,high,Extra Large
140,inactive,8/1/2020,5/4/2020,3835b344-ed73-404a-af87-df4b6ce63680,Maecenas ut massa quis augue luctus tincidunt. Nulla mollis molestie lorem. Quisque ut erat.,medium,Sport
141,pending,4/12/2020,12/23/2021,0087b9c4-4bd1-41fd-a83b-64d8aafd5ca7,"Vestibulum ac est lacinia nisi venenatis tristique. Fusce congue, diam id ornare imperdiet, sapien urna pretium nisl, ut volutpat sapien arcu sed augue. Aliquam erat volutpat.",high,Sport
142,retired,2/3/2021,7/5/2020,fd7255e1-11cf-4731-b797-66f2f1e0ff56,"Lorem ipsum dolor sit amet, consectetuer adipiscing elit. Proin risus. Praesent lectus.",high,Truck
143,inactive,4/9/2020,12/5/2021,99bc0541-63cc-4f19-8a86-8daae1c1ee2a,"Cum sociis natoque penatibus et magnis dis parturient montes, nascetur ridiculus mus. Vivamus vestibulum sagittis sapien. Cum sociis natoque penatibus et magnis dis parturient montes, nascetur ridiculus mus.",low,Sport
144,retired,3/29/2020,11/4/2021,69d582b7-86a2-4b60-9d00-e1dc5e8a172c,"In sagittis dui vel nisl. Duis ac nibh. Fusce lacus purus, aliquet at, feugiat non, pretium quis, lectus.",low,Truck
145,pending,12/15/2021,2/22/2021,f989cdd9-5e42-472d-a367-44e5fdac933a,Suspendisse potenti. In eleifend quam a odio. In hac habitasse platea dictumst.,low,Extra Large
146,inactive,11/20/2020,5/19/2020,aac7afec-8995-49bf-a094-b738d1823d8c,"Cum sociis natoque penatibus et magnis dis parturient montes, nascetur ridiculus mus. Vivamus vestibulum sagittis sapien. Cum sociis natoque penatibus et magnis dis parturient montes, nascetur ridiculus mus.",low,Extra Large
147,retired,11/9/2020,12/25/2020,e50361dc-bcbe-4d89-839e-ec5dc723d907,Maecenas ut massa quis augue luctus tincidunt. Nulla mollis molestie lorem. Quisque ut erat.,low,Luxury
148,retired,1/23/2021,11/10/2021,8a2cbbea-b661-400d-864d-c790d5a48997,Etiam vel augue. Vestibulum rutrum rutrum neque. Aenean auctor gravida sem.,low,Economical
149,active,12/7/2020,10/29/2021,b7cc22ac-7e22-4b1b-8008-f29fe525304f,In congue. Etiam justo. Etiam pretium iaculis justo.,high,Truck
150,retired,8/9/2020,6/15/2021,5c660967-3b8e-43fc-b65a-d0d738d01e41,"Curabitur in libero ut massa volutpat convallis. Morbi odio odio, elementum eu, interdum eu, tincidunt in, leo. Maecenas pulvinar lobortis est.",high,Truck
151,retired,1/11/2021,10/28/2020,2df21a72-fe08-4ce2-8198-bba5f55f43a3,Duis bibendum. Morbi non quam nec dui luctus rutrum. Nulla tellus.,low,Truck
152,active,12/3/2021,4/12/2021,45c5ef02-e9dc-421a-a242-a6666785abad,Duis bibendum. Morbi non quam nec dui luctus rutrum. Nulla tellus.,medium,Economical
153,pending,8/24/2020,5/6/2021,41bccb34-1cc9-47d9-9778-4448447a899c,Suspendisse potenti. In eleifend quam a odio. In hac habitasse platea dictumst.,high,Luxury
154,active,2/13/2020,9/7/2020,647efe82-8a74-4191-bd52-9674c8a029e3,"Quisque id justo sit amet sapien dignissim vestibulum. Vestibulum ante ipsum primis in faucibus orci luctus et ultrices posuere cubilia Curae; Nulla dapibus dolor vel est. Donec odio justo, sollicitudin ut, suscipit a, feugiat et, eros.",medium,Sport
155,pending,6/14/2021,10/9/2020,11c80a58-fcc8-4575-a19e-22806a645551,"Fusce posuere felis sed lacus. Morbi sem mauris, laoreet ut, rhoncus aliquet, pulvinar sed, nisl. Nunc rhoncus dui vel sem.",high,Sport
156,active,12/13/2020,9/1/2021,07735a37-5b79-4e90-b883-21fea7709ec4,Fusce consequat. Nulla nisl. Nunc nisl.,low,Truck
157,inactive,7/6/2021,4/7/2020,d572afbb-88d2-461d-890d-8f498edcf5ee,Fusce consequat. Nulla nisl. Nunc nisl.,medium,Extra Large
158,inactive,11/5/2021,1/23/2021,c8948f8f-7999-41b8-a10e-2ec4169a1bc1,"Fusce posuere felis sed lacus. Morbi sem mauris, laoreet ut, rhoncus aliquet, pulvinar sed, nisl. Nunc rhoncus dui vel sem.",medium,Sport
159,retired,9/5/2020,6/25/2021,6c79da46-7098-4aa0-97f7-752279266fa9,"Praesent blandit. Nam nulla. Integer pede justo, lacinia eget, tincidunt eget, tempus vel, pede.",high,Economical
160,inactive,1/6/2020,7/2/2020,feb707f1-d3c0-43d6-bd88-467173872f3b,"Curabitur in libero ut massa volutpat convallis. Morbi odio odio, elementum eu, interdum eu, tincidunt in, leo. Maecenas pulvinar lobortis est.",medium,Sport
161,inactive,11/29/2021,9/28/2021,e1810397-2529-47e3-9fbe-bfc918e965f0,"Curabitur at ipsum ac tellus semper interdum. Mauris ullamcorper purus sit amet nulla. Quisque arcu libero, rutrum ac, lobortis vel, dapibus at, diam.",high,Luxury
162,retired,5/31/2021,12/11/2021,ee88a8af-28b1-4871-a5ce-c6ae5a64d2d7,Duis aliquam convallis nunc. Proin at turpis a pede posuere nonummy. Integer non velit.,low,Truck
163,inactive,2/12/2020,6/10/2021,606e7e6e-655d-450f-a413-c53ccfea3017,Maecenas ut massa quis augue luctus tincidunt. Nulla mollis molestie lorem. Quisque ut erat.,high,Economical
164,pending,2/4/2021,11/24/2020,edeab7e0-85bd-48db-943c-322867b05c49,"Proin leo odio, porttitor id, consequat in, consequat ut, nulla. Sed accumsan felis. Ut at dolor quis odio consequat varius.",low,Van
165,pending,3/21/2021,7/22/2021,2cce5c84-2672-4cba-bf19-9e49ccc896a7,Integer ac leo. Pellentesque ultrices mattis odio. Donec vitae nisi.,high,Luxury
166,inactive,5/13/2021,11/13/2020,d14c3a14-9ec0-4cf4-9352-5ca61ee26bd3,"In hac habitasse platea dictumst. Morbi vestibulum, velit id pretium iaculis, diam erat fermentum justo, nec condimentum neque sapien placerat ante. Nulla justo.",high,Truck
167,pending,6/6/2020,5/18/2021,53939503-acbf-4efe-aaae-e8f272d843d4,"Proin eu mi. Nulla ac enim. In tempor, turpis nec euismod scelerisque, quam turpis adipiscing lorem, vitae mattis nibh ligula nec sem.",medium,Sport
168,retired,1/22/2021,11/8/2021,b4bdb299-3959-477d-a102-2f24c3c69c44,"Maecenas leo odio, condimentum id, luctus nec, molestie sed, justo. Pellentesque viverra pede ac diam. Cras pellentesque volutpat dui.",high,Sport
169,retired,12/14/2021,4/5/2020,44c02cbc-db69-4c91-9fd3-3d3cf8b888bd,Praesent id massa id nisl venenatis lacinia. Aenean sit amet justo. Morbi ut odio.,medium,Extra Large
170,retired,11/10/2020,5/18/2021,69524570-b343-4b67-ad1e-1fb39504ba40,"Morbi porttitor lorem id ligula. Suspendisse ornare consequat lectus. In est risus, auctor sed, tristique in, tempus sit amet, sem.",medium,Sport
171,retired,2/25/2021,12/13/2020,ba88dbb6-52eb-4964-b288-b710a2b8d42f,"Curabitur gravida nisi at nibh. In hac habitasse platea dictumst. Aliquam augue quam, sollicitudin vitae, consectetuer eget, rutrum at, lorem.",medium,Sport
172,inactive,9/23/2020,11/23/2021,8d99af8c-0fc0-4a25-9e66-53f49bdc958d,Duis consequat dui nec nisi volutpat eleifend. Donec ut dolor. Morbi vel lectus in quam fringilla rhoncus.,medium,Luxury
173,retired,11/10/2021,4/25/2020,dbf4b219-de62-4d44-b2b9-a95e35aec6f2,Maecenas ut massa quis augue luctus tincidunt. Nulla mollis molestie lorem. Quisque ut erat.,low,Van
174,retired,4/9/2021,4/24/2020,11030df8-b8b4-4340-9c9d-ec2330afd21d,Aenean lectus. Pellentesque eget nunc. Donec quis orci eget orci vehicula condimentum.,low,Truck
175,retired,12/24/2021,8/31/2020,1d4a2a70-aed5-473a-b02a-8207de49c48b,"Praesent blandit. Nam nulla. Integer pede justo, lacinia eget, tincidunt eget, tempus vel, pede.",high,Luxury
176,active,12/14/2021,6/9/2020,8ca4879d-fb8f-4709-beb3-76a0feb08c6c,"Fusce posuere felis sed lacus. Morbi sem mauris, laoreet ut, rhoncus aliquet, pulvinar sed, nisl. Nunc rhoncus dui vel sem.",high,Truck
177,active,5/19/2020,6/10/2020,dbea15f0-2049-439a-952d-dea180ac9eb4,"Cum sociis natoque penatibus et magnis dis parturient montes, nascetur ridiculus mus. Vivamus vestibulum sagittis sapien. Cum sociis natoque penatibus et magnis dis parturient montes, nascetur ridiculus mus.",high,Truck
178,active,8/29/2021,4/9/2021,51b60483-a80c-42cf-a52c-c469b100f368,Duis consequat dui nec nisi volutpat eleifend. Donec ut dolor. Morbi vel lectus in quam fringilla rhoncus.,low,Economical
179,pending,2/12/2021,9/25/2020,dc54795d-0824-4f49-9e55-e0e593597a9f,"In sagittis dui vel nisl. Duis ac nibh. Fusce lacus purus, aliquet at, feugiat non, pretium quis, lectus.",medium,Van
180,inactive,9/8/2020,6/6/2020,b9d3dd46-06f2-462a-b9f9-6d2ad903ebe1,"Praesent blandit. Nam nulla. Integer pede justo, lacinia eget, tincidunt eget, tempus vel, pede.",high,Truck
181,inactive,6/16/2021,8/1/2021,74d7a014-892e-4407-b1f2-a953a0230fd3,"Vestibulum ac est lacinia nisi venenatis tristique. Fusce congue, diam id ornare imperdiet, sapien urna pretium nisl, ut volutpat sapien arcu sed augue. Aliquam erat volutpat.",low,Truck
182,active,10/25/2021,6/6/2020,35007fc0-4691-4c19-81a8-ca8855d7bc18,Nulla ut erat id mauris vulputate elementum. Nullam varius. Nulla facilisi.,medium,Luxury
183,pending,10/5/2020,8/1/2021,f5dcf3ea-cda5-4e7a-9027-c83666ae7383,In hac habitasse platea dictumst. Etiam faucibus cursus urna. Ut tellus.,medium,Economical
184,pending,7/16/2020,5/17/2020,f89ae53d-ee6c-4b3d-b42c-61a63d3051a4,"Vestibulum ac est lacinia nisi venenatis tristique. Fusce congue, diam id ornare imperdiet, sapien urna pretium nisl, ut volutpat sapien arcu sed augue. Aliquam erat volutpat.",low,Van
185,inactive,5/24/2021,2/4/2020,24f8958e-1906-44bb-a75c-c785939b5f4e,"Vestibulum quam sapien, varius ut, blandit non, interdum in, ante. Vestibulum ante ipsum primis in faucibus orci luctus et ultrices posuere cubilia Curae; Duis faucibus accumsan odio. Curabitur convallis.",high,Sport
186,inactive,2/1/2020,6/12/2020,f425ed6e-e534-4cd3-b39f-fece527db057,Duis aliquam convallis nunc. Proin at turpis a pede posuere nonummy. Integer non velit.,medium,Truck
187,pending,1/7/2021,7/8/2021,8dd8a836-5ddd-413f-9c60-89adc71a70b3,"Proin eu mi. Nulla ac enim. In tempor, turpis nec euismod scelerisque, quam turpis adipiscing lorem, vitae mattis nibh ligula nec sem.",high,Sport
188,pending,11/26/2021,2/5/2020,96488eaa-bfd4-40c2-8db6-d72defe49ea1,Cras non velit nec nisi vulputate nonummy. Maecenas tincidunt lacus at velit. Vivamus vel nulla eget eros elementum pellentesque.,medium,Economical
189,inactive,11/7/2021,12/8/2020,40f3212f-50b3-4385-9b46-99dcf59fae3b,Aliquam quis turpis eget elit sodales scelerisque. Mauris sit amet eros. Suspendisse accumsan tortor quis turpis.,medium,Sport
190,pending,3/12/2020,3/11/2020,e26ae1a5-f778-4696-b5bc-5549d05cf3a8,"Fusce posuere felis sed lacus. Morbi sem mauris, laoreet ut, rhoncus aliquet, pulvinar sed, nisl. Nunc rhoncus dui vel sem.",medium,Sport
191,retired,3/1/2021,9/24/2020,208eca2e-cfd9-4ebe-891e-ecbb79812ba4,Aenean lectus. Pellentesque eget nunc. Donec quis orci eget orci vehicula condimentum.,medium,Sport
192,retired,1/15/2021,3/14/2021,fde559d4-f794-497b-bdaf-9eb6e362b993,Aliquam quis turpis eget elit sodales scelerisque. Mauris sit amet eros. Suspendisse accumsan tortor quis turpis.,high,Extra Large
193,inactive,9/29/2020,9/19/2020,20729128-69ef-46e7-ab00-d2a809ac746d,"Cum sociis natoque penatibus et magnis dis parturient montes, nascetur ridiculus mus. Vivamus vestibulum sagittis sapien. Cum sociis natoque penatibus et magnis dis parturient montes, nascetur ridiculus mus.",low,Economical
194,pending,7/25/2021,11/21/2020,cc08d9c8-fcf5-4d05-aa49-8fe5792d3252,"Praesent blandit. Nam nulla. Integer pede justo, lacinia eget, tincidunt eget, tempus vel, pede.",medium,Luxury
195,active,6/24/2020,9/9/2021,4a7b0fa4-452a-4314-a2e8-b21e902bea3e,Phasellus sit amet erat. Nulla tempus. Vivamus in felis eu sapien cursus vestibulum.,low,Sport
196,pending,5/3/2021,6/20/2021,3305620b-de1d-414b-8205-e5be93fbae93,Etiam vel augue. Vestibulum rutrum rutrum neque. Aenean auctor gravida sem.,high,Sport
197,inactive,2/20/2021,5/2/2020,0108050c-35c1-4569-836c-0676259c032b,"Morbi porttitor lorem id ligula. Suspendisse ornare consequat lectus. In est risus, auctor sed, tristique in, tempus sit amet, sem.",low,Luxury
198,active,2/21/2021,11/25/2021,fdf6bb70-05b3-4380-a6b8-34832c6d4365,"Vestibulum quam sapien, varius ut, blandit non, interdum in, ante. Vestibulum ante ipsum primis in faucibus orci luctus et ultrices posuere cubilia Curae; Duis faucibus accumsan odio. Curabitur convallis.",medium,Economical
199,pending,4/10/2020,1/15/2021,47a1be71-3028-4c28-a328-37d4e2ff2e60,"In sagittis dui vel nisl. Duis ac nibh. Fusce lacus purus, aliquet at, feugiat non, pretium quis, lectus.",medium,Extra Large
200,inactive,4/7/2021,6/5/2020,4f7bb4a8-06ec-4af1-b4f6-bac84c02c7f0,In quis justo. Maecenas rhoncus aliquam lacus. Morbi quis tortor id nulla ultrices aliquet.,high,Economical
201,pending,6/21/2021,2/6/2020,40bea1e5-5a53-48e2-afef-e406fe4b153d,"Proin interdum mauris non ligula pellentesque ultrices. Phasellus id sapien in sapien iaculis congue. Vivamus metus arcu, adipiscing molestie, hendrerit at, vulputate vitae, nisl.",medium,Sport
202,retired,4/15/2021,2/9/2021,9aad17f7-2763-4e5c-bf3a-e9a5027cdf61,Suspendisse potenti. In eleifend quam a odio. In hac habitasse platea dictumst.,low,Luxury
203,retired,2/7/2021,11/6/2021,808d0486-449a-4379-9d5a-f068b0fb5bbc,Aenean lectus. Pellentesque eget nunc. Donec quis orci eget orci vehicula condimentum.,medium,Sport
204,active,5/25/2021,5/8/2020,f90a64aa-c101-4500-931f-d3e96ecb0f5f,Suspendisse potenti. In eleifend quam a odio. In hac habitasse platea dictumst.,medium,Sport
205,inactive,12/27/2020,8/29/2021,e5a3d3a4-a349-4c4f-b3fa-47aaa570b898,"Morbi porttitor lorem id ligula. Suspendisse ornare consequat lectus. In est risus, auctor sed, tristique in, tempus sit amet, sem.",high,Economical
206,pending,3/20/2021,12/23/2021,f9b185ce-102f-4925-9750-6ce65f573b6a,Duis consequat dui nec nisi volutpat eleifend. Donec ut dolor. Morbi vel lectus in quam fringilla rhoncus.,low,Sport
207,inactive,7/26/2021,9/22/2021,99e22b68-2a4f-4007-b14b-54e382deaeae,Integer tincidunt ante vel ipsum. Praesent blandit lacinia erat. Vestibulum sed magna at nunc commodo placerat.,high,Luxury
208,active,8/22/2020,10/28/2021,120b7475-d93e-4867-9045-64f87ace1516,"Mauris enim leo, rhoncus sed, vestibulum sit amet, cursus id, turpis. Integer aliquet, massa id lobortis convallis, tortor risus dapibus augue, vel accumsan tellus nisi eu orci. Mauris lacinia sapien quis libero.",low,Sport
209,active,5/29/2020,6/2/2020,b3a6a4ff-6cc8-4eda-ba53-b3382abf29aa,Integer tincidunt ante vel ipsum. Praesent blandit lacinia erat. Vestibulum sed magna at nunc commodo placerat.,low,Luxury
210,inactive,7/13/2021,4/12/2020,a95a3412-823a-4f74-853b-e89ee08834f6,"Proin eu mi. Nulla ac enim. In tempor, turpis nec euismod scelerisque, quam turpis adipiscing lorem, vitae mattis nibh ligula nec sem.",low,Sport
211,inactive,11/28/2020,5/5/2021,c74cdc5b-e3ed-48fc-ae4e-acdcf3362db9,Fusce consequat. Nulla nisl. Nunc nisl.,low,Truck
212,inactive,10/28/2020,1/12/2021,ca96bb30-8bd9-4352-b031-c4cdb9fa6a71,"Curabitur in libero ut massa volutpat convallis. Morbi odio odio, elementum eu, interdum eu, tincidunt in, leo. Maecenas pulvinar lobortis est.",medium,Truck
213,inactive,1/5/2020,2/11/2021,690cd94b-7102-4d5a-b352-ec077d28faf5,"Vestibulum ac est lacinia nisi venenatis tristique. Fusce congue, diam id ornare imperdiet, sapien urna pretium nisl, ut volutpat sapien arcu sed augue. Aliquam erat volutpat.",high,Extra Large
214,pending,12/9/2020,5/1/2020,f4ed8c41-81ce-4688-9a5a-4f39bc512d7a,Etiam vel augue. Vestibulum rutrum rutrum neque. Aenean auctor gravida sem.,high,Sport
215,inactive,4/20/2021,12/31/2020,064799ea-e470-4223-8b1b-44f18a93932e,"Sed sagittis. Nam congue, risus semper porta volutpat, quam pede lobortis ligula, sit amet eleifend pede libero quis orci. Nullam molestie nibh in lectus.",low,Van
216,retired,4/11/2020,10/4/2020,e1f9b49d-511f-4585-afb2-a58f966d3250,"Curabitur in libero ut massa volutpat convallis. Morbi odio odio, elementum eu, interdum eu, tincidunt in, leo. Maecenas pulvinar lobortis est.",medium,Truck
217,inactive,5/18/2021,10/22/2020,def68387-ba47-4b3e-b4a1-20a685c82a02,"Nam ultrices, libero non mattis pulvinar, nulla pede ullamcorper augue, a suscipit nulla elit ac nulla. Sed vel enim sit amet nunc viverra dapibus. Nulla suscipit ligula in lacus.",medium,Extra Large
218,active,10/22/2020,7/3/2021,188cdf60-c6c5-456e-a09b-9030f8c6ce0e,"In hac habitasse platea dictumst. Morbi vestibulum, velit id pretium iaculis, diam erat fermentum justo, nec condimentum neque sapien placerat ante. Nulla justo.",low,Economical
219,inactive,12/28/2020,7/10/2020,de79334e-864b-4a49-a1ed-5e997af2daec,Fusce consequat. Nulla nisl. Nunc nisl.,low,Van
220,inactive,2/28/2020,12/1/2020,814abb02-6131-4ab6-a5bd-5276d1cb51fb,"Morbi non lectus. Aliquam sit amet diam in magna bibendum imperdiet. Nullam orci pede, venenatis non, sodales sed, tincidunt eu, felis.",low,Van
221,active,4/12/2020,9/19/2021,0c088fb2-f5f3-4c15-9baf-2b8a01e66544,Suspendisse potenti. In eleifend quam a odio. In hac habitasse platea dictumst.,high,Luxury
222,inactive,6/14/2021,10/28/2021,7ddf951d-9e3e-4646-8cf4-cc080d3d475b,"Curabitur gravida nisi at nibh. In hac habitasse platea dictumst. Aliquam augue quam, sollicitudin vitae, consectetuer eget, rutrum at, lorem.",low,Sport
223,pending,3/30/2020,1/10/2020,d6395ef0-4798-45dc-b4ee-6c0f25583c0b,"Quisque id justo sit amet sapien dignissim vestibulum. Vestibulum ante ipsum primis in faucibus orci luctus et ultrices posuere cubilia Curae; Nulla dapibus dolor vel est. Donec odio justo, sollicitudin ut, suscipit a, feugiat et, eros.",medium,Economical
224,active,1/30/2021,10/31/2021,33796863-e32c-4d94-bba2-28a6797364f2,In congue. Etiam justo. Etiam pretium iaculis justo.,low,Van
225,retired,3/18/2021,11/24/2021,6d6576ef-4d6b-4db9-8a63-3224cd65f332,"Proin interdum mauris non ligula pellentesque ultrices. Phasellus id sapien in sapien iaculis congue. Vivamus metus arcu, adipiscing molestie, hendrerit at, vulputate vitae, nisl.",low,Truck
226,active,4/8/2021,10/16/2020,b52203b2-b3a9-4218-95cc-b8be3dfc9a04,Duis aliquam convallis nunc. Proin at turpis a pede posuere nonummy. Integer non velit.,low,Luxury
227,pending,6/29/2020,6/16/2020,5afc664f-6144-47e2-b015-1b409386407e,"Praesent blandit. Nam nulla. Integer pede justo, lacinia eget, tincidunt eget, tempus vel, pede.",medium,Economical
228,inactive,11/11/2020,2/1/2020,70e493b1-50da-4d04-b7ae-fbdfffd32f36,"Mauris enim leo, rhoncus sed, vestibulum sit amet, cursus id, turpis. Integer aliquet, massa id lobortis convallis, tortor risus dapibus augue, vel accumsan tellus nisi eu orci. Mauris lacinia sapien quis libero.",medium,Van
229,pending,7/21/2020,6/7/2021,c9da75da-d813-4ab4-aa6d-2a0f66c68a35,Pellentesque at nulla. Suspendisse potenti. Cras in purus eu magna vulputate luctus.,low,Economical
230,active,11/26/2020,7/22/2020,ac135915-cce3-4a4d-997f-8965d49b5681,Etiam vel augue. Vestibulum rutrum rutrum neque. Aenean auctor gravida sem.,high,Economical
231,retired,11/23/2020,7/1/2021,e8201136-7649-42ae-906c-c83bebbafb5a,Suspendisse potenti. In eleifend quam a odio. In hac habitasse platea dictumst.,medium,Extra Large
232,active,8/15/2021,6/22/2021,6a07fc55-9830-486c-bd92-7bc3886c3204,"Curabitur in libero ut massa volutpat convallis. Morbi odio odio, elementum eu, interdum eu, tincidunt in, leo. Maecenas pulvinar lobortis est.",medium,Van
233,pending,3/26/2020,9/25/2020,44dd7032-03d6-4ddf-9622-fd1a9b492c25,"Nam ultrices, libero non mattis pulvinar, nulla pede ullamcorper augue, a suscipit nulla elit ac nulla. Sed vel enim sit amet nunc viverra dapibus. Nulla suscipit ligula in lacus.",medium,Van
234,pending,7/26/2020,4/18/2021,f4a9be08-843b-405f-87e2-14f1f7486ab6,"Mauris enim leo, rhoncus sed, vestibulum sit amet, cursus id, turpis. Integer aliquet, massa id lobortis convallis, tortor risus dapibus augue, vel accumsan tellus nisi eu orci. Mauris lacinia sapien quis libero.",medium,Van
235,active,11/29/2021,8/27/2021,4a8f69d1-0329-454f-bbec-8bd5c7d3978f,Nullam sit amet turpis elementum ligula vehicula consequat. Morbi a ipsum. Integer a nibh.,medium,Economical
236,retired,4/25/2021,4/2/2021,8da40939-54cc-4963-b718-0a18e2630557,"Cum sociis natoque penatibus et magnis dis parturient montes, nascetur ridiculus mus. Vivamus vestibulum sagittis sapien. Cum sociis natoque penatibus et magnis dis parturient montes, nascetur ridiculus mus.",high,Truck
237,retired,3/13/2020,7/23/2021,22e640fb-f287-4943-bd4b-1bfde6962718,"In sagittis dui vel nisl. Duis ac nibh. Fusce lacus purus, aliquet at, feugiat non, pretium quis, lectus.",high,Sport
238,pending,2/6/2020,2/4/2020,0db0caa7-b53c-4d4c-bfa7-1c95619df7f8,"Vestibulum quam sapien, varius ut, blandit non, interdum in, ante. Vestibulum ante ipsum primis in faucibus orci luctus et ultrices posuere cubilia Curae; Duis faucibus accumsan odio. Curabitur convallis.",medium,Truck
239,pending,3/10/2021,2/13/2020,4cf73393-1c63-4dc6-9534-1cd55fbbb059,Cras non velit nec nisi vulputate nonummy. Maecenas tincidunt lacus at velit. Vivamus vel nulla eget eros elementum pellentesque.,low,Economical
240,inactive,12/7/2021,9/9/2021,9c346fb7-b635-45a3-8b1f-6d4de3a6d57a,Nulla ut erat id mauris vulputate elementum. Nullam varius. Nulla facilisi.,low,Sport
241,pending,2/28/2021,7/9/2020,acc15972-2342-468d-a23c-ab9001d4916d,"Maecenas leo odio, condimentum id, luctus nec, molestie sed, justo. Pellentesque viverra pede ac diam. Cras pellentesque volutpat dui.",low,Extra Large
242,inactive,12/26/2021,12/21/2020,2c3a6171-57f0-4f19-ab8a-f89f3ba96b56,Maecenas ut massa quis augue luctus tincidunt. Nulla mollis molestie lorem. Quisque ut erat.,medium,Economical
243,pending,1/1/2021,8/17/2020,f6d7fa4c-66b9-4259-8d50-cd722504b169,"Vestibulum ac est lacinia nisi venenatis tristique. Fusce congue, diam id ornare imperdiet, sapien urna pretium nisl, ut volutpat sapien arcu sed augue. Aliquam erat volutpat.",medium,Van
244,pending,11/2/2020,2/3/2021,a2e5206f-2c5d-4a9e-bacb-ac54c398bbba,Praesent id massa id nisl venenatis lacinia. Aenean sit amet justo. Morbi ut odio.,medium,Van
245,retired,5/8/2020,11/25/2021,b5dc23c5-3fd3-416b-851e-942c4387329b,Integer tincidunt ante vel ipsum. Praesent blandit lacinia erat. Vestibulum sed magna at nunc commodo placerat.,low,Sport
246,active,12/7/2020,5/20/2020,5140183b-a41d-4cca-9a79-c2d18158cf4a,"Vestibulum quam sapien, varius ut, blandit non, interdum in, ante. Vestibulum ante ipsum primis in faucibus orci luctus et ultrices posuere cubilia Curae; Duis faucibus accumsan odio. Curabitur convallis.",medium,Van
247,inactive,1/14/2020,10/15/2021,95906cd5-927c-404f-add9-09311f9b4bf1,"Morbi porttitor lorem id ligula. Suspendisse ornare consequat lectus. In est risus, auctor sed, tristique in, tempus sit amet, sem.",medium,Extra Large
248,inactive,2/3/2021,12/27/2021,35b89d43-db19-404a-8fea-f4fa04f24933,Etiam vel augue. Vestibulum rutrum rutrum neque. Aenean auctor gravida sem.,low,Truck
249,active,4/25/2020,12/10/2020,09db279b-0ac6-4b47-a759-beaed6c6e345,Nullam sit amet turpis elementum ligula vehicula consequat. Morbi a ipsum. Integer a nibh.,high,Economical
250,active,12/25/2020,3/6/2021,c6e308f0-04a5-4b69-801c-d57b8e2fc68b,Nullam sit amet turpis elementum ligula vehicula consequat. Morbi a ipsum. Integer a nibh.,high,Luxury
251,retired,6/23/2020,8/9/2020,dbe9cacb-a84a-46ac-96bc-7b068f04ca02,"Curabitur in libero ut massa volutpat convallis. Morbi odio odio, elementum eu, interdum eu, tincidunt in, leo. Maecenas pulvinar lobortis est.",high,Extra Large
252,pending,4/17/2021,1/21/2021,7ed64dce-4d6c-4126-a444-7003e238be4d,Duis bibendum. Morbi non quam nec dui luctus rutrum. Nulla tellus.,low,Van
253,active,9/11/2020,5/12/2021,50328a8e-a892-4ddd-9fde-14a8baef4297,"Quisque id justo sit amet sapien dignissim vestibulum. Vestibulum ante ipsum primis in faucibus orci luctus et ultrices posuere cubilia Curae; Nulla dapibus dolor vel est. Donec odio justo, sollicitudin ut, suscipit a, feugiat et, eros.",low,Luxury
254,active,2/6/2020,1/20/2020,13a95122-a4f9-439a-a5a5-816a773ce4b1,"Fusce posuere felis sed lacus. Morbi sem mauris, laoreet ut, rhoncus aliquet, pulvinar sed, nisl. Nunc rhoncus dui vel sem.",high,Luxury
255,active,1/28/2020,2/15/2021,bc394863-a726-4ec5-b0bc-a681d5ecab8e,"Curabitur gravida nisi at nibh. In hac habitasse platea dictumst. Aliquam augue quam, sollicitudin vitae, consectetuer eget, rutrum at, lorem.",low,Van
256,pending,2/28/2021,11/10/2021,a8ae51cf-a564-4fd8-8fdc-90826bf0df14,"In sagittis dui vel nisl. Duis ac nibh. Fusce lacus purus, aliquet at, feugiat non, pretium quis, lectus.",medium,Luxury
257,active,8/2/2020,10/24/2020,160f1a94-bc67-4c27-acc8-927bdd6eea8e,Nulla ut erat id mauris vulputate elementum. Nullam varius. Nulla facilisi.,high,Van
258,active,8/17/2021,9/7/2020,072318b8-3888-4bce-89ca-e3adec42a7e6,In hac habitasse platea dictumst. Etiam faucibus cursus urna. Ut tellus.,low,Van
259,inactive,6/9/2020,7/3/2021,0cb0b677-3b59-48b5-8bda-6aeb75edd39f,"In sagittis dui vel nisl. Duis ac nibh. Fusce lacus purus, aliquet at, feugiat non, pretium quis, lectus.",low,Van
260,inactive,1/17/2020,7/9/2021,5ac8bb41-0103-40e4-b8d7-e59ee1bebfd7,Duis consequat dui nec nisi volutpat eleifend. Donec ut dolor. Morbi vel lectus in quam fringilla rhoncus.,high,Extra Large
261,retired,7/9/2020,9/21/2020,9328fb88-2c3e-47c0-9b94-f633b4e18e73,Maecenas ut massa quis augue luctus tincidunt. Nulla mollis molestie lorem. Quisque ut erat.,low,Luxury
262,inactive,3/10/2021,1/5/2020,d64da4e5-f402-4dd0-a56d-594d431fbcd1,Suspendisse potenti. In eleifend quam a odio. In hac habitasse platea dictumst.,low,Truck
263,inactive,5/22/2021,12/6/2021,fd62deba-e07f-4f30-8e0b-05f578bf8138,Duis bibendum. Morbi non quam nec dui luctus rutrum. Nulla tellus.,medium,Extra Large
264,active,10/31/2021,12/15/2021,19a3c4f7-76cb-4040-8b19-b60eacab39a8,"Vestibulum ac est lacinia nisi venenatis tristique. Fusce congue, diam id ornare imperdiet, sapien urna pretium nisl, ut volutpat sapien arcu sed augue. Aliquam erat volutpat.",high,Sport
265,active,2/21/2020,7/21/2021,062aab54-b6f9-4595-8378-be527ba1a77b,In congue. Etiam justo. Etiam pretium iaculis justo.,low,Truck
266,retired,9/21/2021,7/29/2020,c5074ca2-36ac-469e-ac6c-34d8c75cf0e2,"Lorem ipsum dolor sit amet, consectetuer adipiscing elit. Proin risus. Praesent lectus.",medium,Truck
267,active,1/22/2021,9/21/2020,2b39b688-0eaf-4dae-9a12-5cbdb4cb4886,Aliquam quis turpis eget elit sodales scelerisque. Mauris sit amet eros. Suspendisse accumsan tortor quis turpis.,medium,Truck
268,pending,2/18/2020,3/5/2020,5cc4b277-e1f9-4df4-8469-0f305d0e18dd,"Nam ultrices, libero non mattis pulvinar, nulla pede ullamcorper augue, a suscipit nulla elit ac nulla. Sed vel enim sit amet nunc viverra dapibus. Nulla suscipit ligula in lacus.",high,Sport
269,active,3/4/2020,12/5/2021,c28b79cf-b6cc-4714-b7a9-34a73b5eaaf5,"Fusce posuere felis sed lacus. Morbi sem mauris, laoreet ut, rhoncus aliquet, pulvinar sed, nisl. Nunc rhoncus dui vel sem.",high,Luxury
270,retired,5/14/2020,11/15/2020,a33d9b33-3d1d-4955-b55a-3c411810dc6f,Duis bibendum. Morbi non quam nec dui luctus rutrum. Nulla tellus.,medium,Truck
271,pending,12/2/2020,12/18/2020,b00fdf1e-67b9-45ae-8b0d-739d813c91db,"Morbi non lectus. Aliquam sit amet diam in magna bibendum imperdiet. Nullam orci pede, venenatis non, sodales sed, tincidunt eu, felis.",low,Van
272,pending,6/8/2020,3/4/2021,0684f665-049c-4894-8753-7c579c483288,"Aenean fermentum. Donec ut mauris eget massa tempor convallis. Nulla neque libero, convallis eget, eleifend luctus, ultricies eu, nibh.",low,Economical
273,retired,5/4/2021,9/13/2020,6b434baf-7269-46c8-b192-3741d5bb2efb,Duis consequat dui nec nisi volutpat eleifend. Donec ut dolor. Morbi vel lectus in quam fringilla rhoncus.,low,Sport
274,pending,9/20/2020,1/28/2021,e08ac055-9325-46d8-ad5f-6c805a20ddf7,Duis bibendum. Morbi non quam nec dui luctus rutrum. Nulla tellus.,low,Economical
275,pending,11/5/2021,12/14/2020,d702d24d-1238-4367-b305-aba99ce4edb8,Duis consequat dui nec nisi volutpat eleifend. Donec ut dolor. Morbi vel lectus in quam fringilla rhoncus.,high,Economical
276,active,3/4/2021,12/5/2021,875af1ce-9125-4a7e-b0b3-62fe22128126,In congue. Etiam justo. Etiam pretium iaculis justo.,high,Sport
277,inactive,4/20/2020,4/18/2020,945e4e70-5102-450f-af7c-08050af880c6,"Aenean fermentum. Donec ut mauris eget massa tempor convallis. Nulla neque libero, convallis eget, eleifend luctus, ultricies eu, nibh.",medium,Extra Large
278,active,7/26/2021,3/24/2020,ba9401a2-5313-4454-a3e9-17ccf44f7320,"Quisque id justo sit amet sapien dignissim vestibulum. Vestibulum ante ipsum primis in faucibus orci luctus et ultrices posuere cubilia Curae; Nulla dapibus dolor vel est. Donec odio justo, sollicitudin ut, suscipit a, feugiat et, eros.",high,Van
279,retired,1/23/2021,4/1/2021,e7c3b86f-c028-44e5-b150-1707d986eb7d,"Donec diam neque, vestibulum eget, vulputate ut, ultrices vel, augue. Vestibulum ante ipsum primis in faucibus orci luctus et ultrices posuere cubilia Curae; Donec pharetra, magna vestibulum aliquet ultrices, erat tortor sollicitudin mi, sit amet lobortis sapien sapien non mi. Integer ac neque.",medium,Extra Large
280,active,3/20/2020,8/24/2021,a336e356-0919-4a61-92b4-a9481eebd9ad,"Curabitur gravida nisi at nibh. In hac habitasse platea dictumst. Aliquam augue quam, sollicitudin vitae, consectetuer eget, rutrum at, lorem.",low,Sport
281,retired,9/28/2021,1/12/2020,b7696bf5-ca08-4c14-9e5c-92cbeca09d2a,"Fusce posuere felis sed lacus. Morbi sem mauris, laoreet ut, rhoncus aliquet, pulvinar sed, nisl. Nunc rhoncus dui vel sem.",medium,Van
282,retired,12/15/2020,9/8/2020,0da0447a-e325-4bf9-afe3-2b82531bce72,Phasellus in felis. Donec semper sapien a libero. Nam dui.,medium,Van
283,active,11/9/2021,11/9/2020,2b0c284a-7d63-4a45-9fc6-c26d47b2ab46,"Proin interdum mauris non ligula pellentesque ultrices. Phasellus id sapien in sapien iaculis congue. Vivamus metus arcu, adipiscing molestie, hendrerit at, vulputate vitae, nisl.",high,Truck
284,pending,11/30/2020,2/17/2020,f8f7c14a-e8f2-4101-bb97-9139349ca59b,Fusce consequat. Nulla nisl. Nunc nisl.,medium,Van
285,inactive,7/15/2020,10/10/2020,46f98c6c-ea07-4f34-804d-8efc895af57a,"Proin interdum mauris non ligula pellentesque ultrices. Phasellus id sapien in sapien iaculis congue. Vivamus metus arcu, adipiscing molestie, hendrerit at, vulputate vitae, nisl.",high,Economical
286,pending,2/26/2020,4/26/2020,dfa871e2-46f4-4319-a164-d37e37dab2d1,In congue. Etiam justo. Etiam pretium iaculis justo.,high,Economical
287,active,10/15/2021,9/4/2021,a92a4449-e1a1-41f9-aaf2-20135ba053a0,"Curabitur at ipsum ac tellus semper interdum. Mauris ullamcorper purus sit amet nulla. Quisque arcu libero, rutrum ac, lobortis vel, dapibus at, diam.",high,Extra Large
288,pending,3/22/2021,3/10/2020,d7f94b6a-dd57-44ec-8129-6c58541c1d14,"Cras mi pede, malesuada in, imperdiet et, commodo vulputate, justo. In blandit ultrices enim. Lorem ipsum dolor sit amet, consectetuer adipiscing elit.",medium,Luxury
289,inactive,3/4/2021,4/22/2021,5fb21dc0-e58c-4535-9520-70911279e43b,Duis consequat dui nec nisi volutpat eleifend. Donec ut dolor. Morbi vel lectus in quam fringilla rhoncus.,low,Van
290,retired,10/18/2021,4/13/2020,1a4ca9d3-a376-4b9a-bd56-cf90598f3b33,Aliquam quis turpis eget elit sodales scelerisque. Mauris sit amet eros. Suspendisse accumsan tortor quis turpis.,low,Extra Large
291,active,8/11/2020,11/25/2021,4832b9b3-4659-49f6-86bf-635e61e56170,"In hac habitasse platea dictumst. Morbi vestibulum, velit id pretium iaculis, diam erat fermentum justo, nec condimentum neque sapien placerat ante. Nulla justo.",low,Luxury
292,active,9/25/2020,5/27/2020,0d2364f5-b0b4-42c2-87ac-946c335d4b69,"Cum sociis natoque penatibus et magnis dis parturient montes, nascetur ridiculus mus. Vivamus vestibulum sagittis sapien. Cum sociis natoque penatibus et magnis dis parturient montes, nascetur ridiculus mus.",medium,Extra Large
293,retired,4/7/2020,3/11/2020,975c0952-bd8a-433f-8598-0603de3a83c5,"Praesent blandit. Nam nulla. Integer pede justo, lacinia eget, tincidunt eget, tempus vel, pede.",high,Extra Large
294,active,2/5/2020,9/15/2021,7b90e499-48f3-4c9b-9bbb-1cd11328de99,Integer ac leo. Pellentesque ultrices mattis odio. Donec vitae nisi.,medium,Van
295,pending,6/26/2020,2/18/2021,f2aefe76-c83c-472a-bb26-058e8608a184,"Duis bibendum, felis sed interdum venenatis, turpis enim blandit mi, in porttitor pede justo eu massa. Donec dapibus. Duis at velit eu est congue elementum.",high,Sport
296,retired,6/26/2021,7/9/2021,6a75e0a4-2be6-47ce-ab37-cd6f302fdff1,"Praesent blandit. Nam nulla. Integer pede justo, lacinia eget, tincidunt eget, tempus vel, pede.",low,Sport
297,pending,5/31/2020,7/10/2021,03442054-152a-4ef4-821b-82a5af387cb6,Pellentesque at nulla. Suspendisse potenti. Cras in purus eu magna vulputate luctus.,high,Luxury
298,retired,7/25/2020,5/20/2020,a8cd31a7-466b-4558-8c40-cdbfe59ce569,"Proin leo odio, porttitor id, consequat in, consequat ut, nulla. Sed accumsan felis. Ut at dolor quis odio consequat varius.",low,Luxury
299,active,9/29/2020,7/8/2020,ec1902dd-49d1-46d6-b400-cff43364af64,Cras non velit nec nisi vulputate nonummy. Maecenas tincidunt lacus at velit. Vivamus vel nulla eget eros elementum pellentesque.,high,Van
300,retired,12/4/2020,7/20/2021,71bb64c9-0103-4323-8f82-430f21365e85,Duis aliquam convallis nunc. Proin at turpis a pede posuere nonummy. Integer non velit.,low,Luxury
301,active,10/7/2021,12/10/2021,10a3cbe8-dc99-4080-8088-d1c8299e0820,"Vestibulum ac est lacinia nisi venenatis tristique. Fusce congue, diam id ornare imperdiet, sapien urna pretium nisl, ut volutpat sapien arcu sed augue. Aliquam erat volutpat.",low,Economical
302,inactive,2/5/2021,11/5/2020,f5bf7c5d-ab04-4958-b2d2-d94b68f20efd,Fusce consequat. Nulla nisl. Nunc nisl.,low,Truck
303,active,8/29/2020,10/1/2021,8d57e0b7-ec0b-46e2-ae80-7494c60911db,"Curabitur in libero ut massa volutpat convallis. Morbi odio odio, elementum eu, interdum eu, tincidunt in, leo. Maecenas pulvinar lobortis est.",high,Van
304,inactive,12/13/2020,6/7/2021,f87bc58a-f243-4ee9-9d8a-19e85db55258,"Duis bibendum, felis sed interdum venenatis, turpis enim blandit mi, in porttitor pede justo eu massa. Donec dapibus. Duis at velit eu est congue elementum.",high,Luxury
305,pending,4/20/2021,12/30/2020,40c2c7a2-713b-4e3f-8e50-a0f3d9713ab1,"Curabitur gravida nisi at nibh. In hac habitasse platea dictumst. Aliquam augue quam, sollicitudin vitae, consectetuer eget, rutrum at, lorem.",medium,Van
306,pending,3/28/2021,4/29/2020,91912b2d-4468-428f-ab62-e41320e9a48b,"Quisque porta volutpat erat. Quisque erat eros, viverra eget, congue eget, semper rutrum, nulla. Nunc purus.",medium,Van
307,pending,7/17/2021,6/25/2020,09ae7fca-b9c9-4315-a1e4-87d6d7235287,Nullam porttitor lacus at turpis. Donec posuere metus vitae ipsum. Aliquam non mauris.,medium,Economical
308,pending,12/28/2020,11/27/2020,4f955aac-b417-45b5-bfb9-aa1081b0e6ab,In congue. Etiam justo. Etiam pretium iaculis justo.,low,Extra Large
309,inactive,6/30/2020,12/13/2020,e92db764-483d-4fb3-a523-e7486ebc948a,"Proin leo odio, porttitor id, consequat in, consequat ut, nulla. Sed accumsan felis. Ut at dolor quis odio consequat varius.",high,Extra Large
310,pending,11/1/2020,1/20/2020,63a19d87-919e-4460-9953-8801f668ae62,Aliquam quis turpis eget elit sodales scelerisque. Mauris sit amet eros. Suspendisse accumsan tortor quis turpis.,medium,Van
311,pending,12/22/2021,2/1/2020,5938eb03-37d8-466d-bf0f-019060174de7,"Proin eu mi. Nulla ac enim. In tempor, turpis nec euismod scelerisque, quam turpis adipiscing lorem, vitae mattis nibh ligula nec sem.",low,Sport
312,inactive,10/8/2020,11/4/2021,2df5adc2-33a3-4267-816f-bc4fefb89e7f,"Sed sagittis. Nam congue, risus semper porta volutpat, quam pede lobortis ligula, sit amet eleifend pede libero quis orci. Nullam molestie nibh in lectus.",medium,Truck
313,active,12/18/2020,10/19/2020,031eab5f-aeb0-440f-bc49-7e98ad40ce8d,"Maecenas leo odio, condimentum id, luctus nec, molestie sed, justo. Pellentesque viverra pede ac diam. Cras pellentesque volutpat dui.",low,Extra Large
314,retired,8/8/2020,12/5/2020,7051c189-9b5b-40ca-90ee-062822375261,Aenean lectus. Pellentesque eget nunc. Donec quis orci eget orci vehicula condimentum.,high,Luxury
315,inactive,11/13/2021,10/6/2020,4afb3345-01ce-4070-bfd9-a220a481ae7d,Etiam vel augue. Vestibulum rutrum rutrum neque. Aenean auctor gravida sem.,medium,Van
316,pending,11/13/2020,12/7/2020,1e484ca2-9657-4f9e-ad4c-f358bed353ab,"Vestibulum ac est lacinia nisi venenatis tristique. Fusce congue, diam id ornare imperdiet, sapien urna pretium nisl, ut volutpat sapien arcu sed augue. Aliquam erat volutpat.",low,Economical
317,pending,7/30/2021,2/13/2021,48857f13-1c08-445f-a655-621aa693d4d6,"Maecenas leo odio, condimentum id, luctus nec, molestie sed, justo. Pellentesque viverra pede ac diam. Cras pellentesque volutpat dui.",medium,Sport
318,pending,1/2/2021,1/8/2020,db800848-40fb-4e2f-babe-4bfe91ec77e9,"Nam ultrices, libero non mattis pulvinar, nulla pede ullamcorper augue, a suscipit nulla elit ac nulla. Sed vel enim sit amet nunc viverra dapibus. Nulla suscipit ligula in lacus.",low,Van
319,retired,8/26/2020,9/13/2020,dc9c0b9b-d1b5-493e-8c50-8ddb02233790,Duis consequat dui nec nisi volutpat eleifend. Donec ut dolor. Morbi vel lectus in quam fringilla rhoncus.,low,Van
320,active,6/13/2021,6/22/2020,912ee0a2-aa7d-4cb8-a127-2569a1c8b811,Nullam porttitor lacus at turpis. Donec posuere metus vitae ipsum. Aliquam non mauris.,low,Luxury
321,active,4/29/2021,8/27/2020,4db6e9d7-6af3-4ca0-9cd8-33fd89a97a43,"Vestibulum quam sapien, varius ut, blandit non, interdum in, ante. Vestibulum ante ipsum primis in faucibus orci luctus et ultrices posuere cubilia Curae; Duis faucibus accumsan odio. Curabitur convallis.",low,Extra Large
322,active,6/12/2020,3/22/2020,cf3ad8eb-0245-4d05-961a-ee8217ebaed8,"Morbi non lectus. Aliquam sit amet diam in magna bibendum imperdiet. Nullam orci pede, venenatis non, sodales sed, tincidunt eu, felis.",low,Van
323,active,4/5/2020,5/6/2020,77a8754b-614b-4cf7-9e0e-444bb68789d3,"Vestibulum quam sapien, varius ut, blandit non, interdum in, ante. Vestibulum ante ipsum primis in faucibus orci luctus et ultrices posuere cubilia Curae; Duis faucibus accumsan odio. Curabitur convallis.",high,Sport
324,inactive,6/21/2021,12/20/2021,2bc6d595-ae83-42ec-a806-f4cc42492554,In hac habitasse platea dictumst. Etiam faucibus cursus urna. Ut tellus.,medium,Economical
325,retired,11/4/2020,4/15/2021,7ecaf05d-ce65-48a5-9d44-684929434e7e,"Vestibulum quam sapien, varius ut, blandit non, interdum in, ante. Vestibulum ante ipsum primis in faucibus orci luctus et ultrices posuere cubilia Curae; Duis faucibus accumsan odio. Curabitur convallis.",high,Economical
326,pending,6/28/2021,6/27/2020,500a7489-46d8-4196-aca1-22949ecb5cb3,Cras non velit nec nisi vulputate nonummy. Maecenas tincidunt lacus at velit. Vivamus vel nulla eget eros elementum pellentesque.,low,Extra Large
327,inactive,4/26/2020,7/27/2020,646744cc-1861-459b-86b9-47195ab086a8,"Aenean fermentum. Donec ut mauris eget massa tempor convallis. Nulla neque libero, convallis eget, eleifend luctus, ultricies eu, nibh.",medium,Truck
328,pending,5/26/2020,9/21/2021,fb6ee11e-a1bc-48df-87fa-7cb60e0a7832,"Maecenas tristique, est et tempus semper, est quam pharetra magna, ac consequat metus sapien ut nunc. Vestibulum ante ipsum primis in faucibus orci luctus et ultrices posuere cubilia Curae; Mauris viverra diam vitae quam. Suspendisse potenti.",low,Truck
329,pending,7/13/2020,8/18/2020,86599a5a-b04d-41a1-85d1-53e31eaf7da5,"Nam ultrices, libero non mattis pulvinar, nulla pede ullamcorper augue, a suscipit nulla elit ac nulla. Sed vel enim sit amet nunc viverra dapibus. Nulla suscipit ligula in lacus.",low,Truck
330,retired,7/11/2021,8/28/2020,424dc834-44c3-4b3b-997f-e9ee64b0e857,"Fusce posuere felis sed lacus. Morbi sem mauris, laoreet ut, rhoncus aliquet, pulvinar sed, nisl. Nunc rhoncus dui vel sem.",low,Extra Large
331,active,10/6/2020,5/11/2021,6dc760c1-96c0-498f-ab6f-760737963efb,"Quisque id justo sit amet sapien dignissim vestibulum. Vestibulum ante ipsum primis in faucibus orci luctus et ultrices posuere cubilia Curae; Nulla dapibus dolor vel est. Donec odio justo, sollicitudin ut, suscipit a, feugiat et, eros.",low,Truck
332,pending,11/14/2021,5/4/2020,d4067cab-299b-40f9-9044-49992f5ea9e5,In congue. Etiam justo. Etiam pretium iaculis justo.,low,Sport
333,pending,8/14/2021,2/9/2020,274363f8-ec21-4151-982a-ac4807634db0,"Curabitur in libero ut massa volutpat convallis. Morbi odio odio, elementum eu, interdum eu, tincidunt in, leo. Maecenas pulvinar lobortis est.",medium,Truck
334,active,7/5/2021,8/8/2020,38e1f4ad-1f30-43eb-8c2a-74bbb172974d,Fusce consequat. Nulla nisl. Nunc nisl.,medium,Truck
335,retired,5/5/2020,6/9/2021,9dc90c7d-a85a-4a46-8980-66c3f21d143d,Nullam porttitor lacus at turpis. Donec posuere metus vitae ipsum. Aliquam non mauris.,medium,Economical
336,inactive,6/7/2021,3/19/2020,3db0efd8-a96f-4fc0-ad32-c0012b810653,"Quisque porta volutpat erat. Quisque erat eros, viverra eget, congue eget, semper rutrum, nulla. Nunc purus.",medium,Truck
337,inactive,4/9/2021,1/6/2020,351f29e4-ac29-47be-beee-bf12d12734a3,Aenean lectus. Pellentesque eget nunc. Donec quis orci eget orci vehicula condimentum.,high,Luxury
338,retired,9/26/2021,11/15/2020,def488cd-96be-4ff0-9d76-0f41e1f4913b,Praesent id massa id nisl venenatis lacinia. Aenean sit amet justo. Morbi ut odio.,high,Truck
339,active,4/29/2020,8/14/2021,c656ad6d-9d6f-4f5d-beba-5ff24cb8c0f9,Integer tincidunt ante vel ipsum. Praesent blandit lacinia erat. Vestibulum sed magna at nunc commodo placerat.,high,Economical
340,active,3/13/2021,7/26/2020,503434ec-fe40-4181-975b-c8942bdfcda2,Suspendisse potenti. In eleifend quam a odio. In hac habitasse platea dictumst.,low,Truck
341,pending,3/14/2020,8/20/2020,f7ab8fad-b871-486c-8bc4-e54dd4388070,Nullam sit amet turpis elementum ligula vehicula consequat. Morbi a ipsum. Integer a nibh.,high,Luxury
342,retired,9/22/2021,4/30/2020,88cf5c52-db88-4a53-8147-1b109f83188d,Aenean lectus. Pellentesque eget nunc. Donec quis orci eget orci vehicula condimentum.,high,Truck
343,active,5/13/2021,8/3/2021,e84e6452-0ddc-4a79-a62b-c3325f012c35,"In sagittis dui vel nisl. Duis ac nibh. Fusce lacus purus, aliquet at, feugiat non, pretium quis, lectus.",high,Sport
344,active,8/23/2021,1/29/2021,d234fdb2-3b3e-468e-b78a-c161a1ae8505,"Aenean fermentum. Donec ut mauris eget massa tempor convallis. Nulla neque libero, convallis eget, eleifend luctus, ultricies eu, nibh.",medium,Extra Large
345,inactive,11/27/2021,9/6/2020,21505843-ced2-430d-b868-9bb091d61d04,"Proin eu mi. Nulla ac enim. In tempor, turpis nec euismod scelerisque, quam turpis adipiscing lorem, vitae mattis nibh ligula nec sem.",high,Van
346,inactive,12/19/2020,8/22/2021,b55ecd39-d4d9-40e2-8ff0-a4140fb1725a,Fusce consequat. Nulla nisl. Nunc nisl.,low,Luxury
347,pending,3/24/2020,7/29/2021,2cc25825-4bc9-444f-b4f6-0ec1c536d0b4,"In hac habitasse platea dictumst. Morbi vestibulum, velit id pretium iaculis, diam erat fermentum justo, nec condimentum neque sapien placerat ante. Nulla justo.",medium,Sport
348,active,11/7/2021,9/7/2020,f03f0411-5260-4f15-b6cc-b66e0d59a78d,Phasellus in felis. Donec semper sapien a libero. Nam dui.,medium,Sport
349,retired,4/11/2020,10/19/2020,1e342566-7c36-44eb-898a-59fd2c9fc23f,In quis justo. Maecenas rhoncus aliquam lacus. Morbi quis tortor id nulla ultrices aliquet.,medium,Truck
350,inactive,3/28/2021,6/23/2021,3125baac-0949-45b2-b292-d7cecd9ac58b,Sed ante. Vivamus tortor. Duis mattis egestas metus.,high,Luxury
351,active,7/11/2021,7/20/2021,b690a160-a98f-47ed-9b70-2cd8653f4170,"Proin eu mi. Nulla ac enim. In tempor, turpis nec euismod scelerisque, quam turpis adipiscing lorem, vitae mattis nibh ligula nec sem.",medium,Sport
352,active,12/21/2020,12/19/2020,8f969a56-00ce-4616-9018-c5df9b75a4c6,Integer tincidunt ante vel ipsum. Praesent blandit lacinia erat. Vestibulum sed magna at nunc commodo placerat.,high,Van
353,pending,5/4/2021,3/18/2021,e0b76e85-4e7a-41d9-bc59-0704d0b41220,"Morbi non lectus. Aliquam sit amet diam in magna bibendum imperdiet. Nullam orci pede, venenatis non, sodales sed, tincidunt eu, felis.",low,Economical
354,retired,12/8/2021,12/24/2020,604c0518-81a6-4dae-afdc-af82b68a405f,Maecenas ut massa quis augue luctus tincidunt. Nulla mollis molestie lorem. Quisque ut erat.,medium,Luxury
355,active,11/18/2020,7/15/2020,f40225ab-9d66-4417-be05-3e48f191fc20,"Maecenas leo odio, condimentum id, luctus nec, molestie sed, justo. Pellentesque viverra pede ac diam. Cras pellentesque volutpat dui.",medium,Van
356,active,3/30/2020,1/17/2021,6f8a7c18-6025-49c7-85e3-5344af6f90a4,Maecenas ut massa quis augue luctus tincidunt. Nulla mollis molestie lorem. Quisque ut erat.,low,Extra Large
357,retired,10/14/2020,1/22/2021,1b678b26-abe6-4b5f-a309-c50ce1a7ab57,Phasellus sit amet erat. Nulla tempus. Vivamus in felis eu sapien cursus vestibulum.,high,Extra Large
358,pending,6/3/2021,6/6/2021,a6a3aa79-fc6d-480c-b81e-10784583e3dc,"Aenean fermentum. Donec ut mauris eget massa tempor convallis. Nulla neque libero, convallis eget, eleifend luctus, ultricies eu, nibh.",low,Extra Large
359,pending,3/2/2021,8/16/2021,b0ecf521-c2a1-4b9e-8115-af46ffa1ef08,"Curabitur at ipsum ac tellus semper interdum. Mauris ullamcorper purus sit amet nulla. Quisque arcu libero, rutrum ac, lobortis vel, dapibus at, diam.",medium,Economical
360,inactive,9/20/2021,5/12/2020,c768ebea-da73-4326-9005-8768d770e4d8,Integer ac leo. Pellentesque ultrices mattis odio. Donec vitae nisi.,low,Truck
361,retired,8/20/2021,3/25/2020,d0985b20-af8d-422b-95fa-0f046dd366f5,"Nam ultrices, libero non mattis pulvinar, nulla pede ullamcorper augue, a suscipit nulla elit ac nulla. Sed vel enim sit amet nunc viverra dapibus. Nulla suscipit ligula in lacus.",low,Truck
362,pending,5/29/2021,11/9/2021,c7924432-7a58-45b0-903b-c44352cb8dd7,Praesent id massa id nisl venenatis lacinia. Aenean sit amet justo. Morbi ut odio.,high,Extra Large
363,active,12/5/2020,10/5/2021,da8630e2-4dd1-4681-87ee-a0febec4ca28,"Cras mi pede, malesuada in, imperdiet et, commodo vulputate, justo. In blandit ultrices enim. Lorem ipsum dolor sit amet, consectetuer adipiscing elit.",low,Sport
364,retired,3/28/2020,6/14/2021,6fbc8d64-d5cd-4dda-8ce8-261d17592e1d,Phasellus sit amet erat. Nulla tempus. Vivamus in felis eu sapien cursus vestibulum.,low,Van
365,retired,3/3/2020,11/4/2021,a7fa2769-86fa-4fcf-ba4d-08122d45e4a6,Nullam porttitor lacus at turpis. Donec posuere metus vitae ipsum. Aliquam non mauris.,medium,Economical
366,pending,8/21/2021,9/15/2021,655a330d-a6f2-46b1-82fd-ce1d45677d34,"Morbi porttitor lorem id ligula. Suspendisse ornare consequat lectus. In est risus, auctor sed, tristique in, tempus sit amet, sem.",low,Luxury
367,pending,1/4/2021,5/21/2021,41743073-8d15-43fe-b42b-1506729056cf,"Morbi non lectus. Aliquam sit amet diam in magna bibendum imperdiet. Nullam orci pede, venenatis non, sodales sed, tincidunt eu, felis.",high,Sport
368,inactive,10/11/2021,6/5/2020,98ca2ba4-0851-4758-af72-b59ac0e7345c,"Aenean fermentum. Donec ut mauris eget massa tempor convallis. Nulla neque libero, convallis eget, eleifend luctus, ultricies eu, nibh.",low,Van
369,pending,5/20/2020,4/10/2021,5a3aee8b-63f3-475a-b8a6-2c22d2b93312,Integer ac leo. Pellentesque ultrices mattis odio. Donec vitae nisi.,medium,Sport
370,inactive,10/9/2021,12/30/2020,5f1cb69f-fa72-4ce9-81ec-d15533fd9823,Aenean lectus. Pellentesque eget nunc. Donec quis orci eget orci vehicula condimentum.,low,Sport
371,retired,5/21/2021,10/23/2020,5826cf50-a003-4ceb-88e0-222757277a63,Phasellus in felis. Donec semper sapien a libero. Nam dui.,medium,Van
372,pending,5/11/2020,5/8/2021,12082f37-c654-4599-948c-a384f1ecdb51,Nullam sit amet turpis elementum ligula vehicula consequat. Morbi a ipsum. Integer a nibh.,medium,Sport
373,pending,4/6/2021,2/19/2020,a27bfcd7-0082-405a-aa7b-f9370bb9c8f1,In hac habitasse platea dictumst. Etiam faucibus cursus urna. Ut tellus.,high,Economical
374,pending,6/22/2021,5/30/2021,7591a32c-ea03-4b7c-9cba-32ce687dab5c,"Quisque porta volutpat erat. Quisque erat eros, viverra eget, congue eget, semper rutrum, nulla. Nunc purus.",low,Van
375,retired,11/12/2021,10/10/2020,922d3a9e-f81c-42ac-9726-9a43ee4b9c3b,Duis aliquam convallis nunc. Proin at turpis a pede posuere nonummy. Integer non velit.,low,Luxury
376,active,3/8/2021,2/5/2020,c915fc01-19da-4c06-ad82-aec111db9899,"Curabitur in libero ut massa volutpat convallis. Morbi odio odio, elementum eu, interdum eu, tincidunt in, leo. Maecenas pulvinar lobortis est.",high,Van
377,inactive,1/3/2021,5/20/2020,3a2db7f6-71ef-44a4-8902-b5f5c5fbfbf3,Aenean lectus. Pellentesque eget nunc. Donec quis orci eget orci vehicula condimentum.,low,Extra Large
378,active,9/6/2020,4/6/2020,77df6650-bb23-4e55-8eec-4e76cc033504,"In sagittis dui vel nisl. Duis ac nibh. Fusce lacus purus, aliquet at, feugiat non, pretium quis, lectus.",high,Luxury
379,active,8/23/2021,6/28/2020,d78ffa17-7f7b-44a5-8b7c-1cee0a18a336,"Quisque id justo sit amet sapien dignissim vestibulum. Vestibulum ante ipsum primis in faucibus orci luctus et ultrices posuere cubilia Curae; Nulla dapibus dolor vel est. Donec odio justo, sollicitudin ut, suscipit a, feugiat et, eros.",low,Van
380,active,9/17/2021,12/28/2020,fbce92be-3f71-4aad-a6f6-1d8c1b71d623,"In sagittis dui vel nisl. Duis ac nibh. Fusce lacus purus, aliquet at, feugiat non, pretium quis, lectus.",low,Extra Large
381,active,5/6/2020,8/29/2020,c37c8e28-b5ba-4e6f-aa45-13825429c8c3,Maecenas ut massa quis augue luctus tincidunt. Nulla mollis molestie lorem. Quisque ut erat.,low,Economical
382,pending,10/26/2020,8/10/2021,870e0b0e-1d67-48d0-96a0-6eb262e07cdd,"Cras mi pede, malesuada in, imperdiet et, commodo vulputate, justo. In blandit ultrices enim. Lorem ipsum dolor sit amet, consectetuer adipiscing elit.",low,Truck
383,active,10/2/2020,1/13/2020,947879e8-ef03-429e-ab02-342bf6afa5c1,"Sed sagittis. Nam congue, risus semper porta volutpat, quam pede lobortis ligula, sit amet eleifend pede libero quis orci. Nullam molestie nibh in lectus.",high,Economical
384,active,6/11/2021,2/17/2020,b1f1c4f1-d097-4673-b25b-0ea9d4fd6b9e,Phasellus in felis. Donec semper sapien a libero. Nam dui.,medium,Sport
385,inactive,6/29/2021,9/18/2020,ff0b1f85-ef19-4c22-bc74-42c8cc5fd7db,Suspendisse potenti. In eleifend quam a odio. In hac habitasse platea dictumst.,low,Van
386,pending,10/20/2021,2/18/2021,ad04a7c6-379d-4d06-831c-199a4b7f82dc,Sed ante. Vivamus tortor. Duis mattis egestas metus.,low,Extra Large
387,inactive,5/28/2021,1/20/2020,a2166ab8-c292-4c52-a3a9-5ccc6bba3131,"Proin interdum mauris non ligula pellentesque ultrices. Phasellus id sapien in sapien iaculis congue. Vivamus metus arcu, adipiscing molestie, hendrerit at, vulputate vitae, nisl.",low,Van
388,inactive,9/16/2020,5/13/2020,ae281911-d6d9-44b7-97b6-c9f458c7bd91,Phasellus in felis. Donec semper sapien a libero. Nam dui.,low,Extra Large
389,active,12/4/2021,10/25/2021,228e4f0a-c85e-4174-8286-1807c2c06697,"Vestibulum ac est lacinia nisi venenatis tristique. Fusce congue, diam id ornare imperdiet, sapien urna pretium nisl, ut volutpat sapien arcu sed augue. Aliquam erat volutpat.",low,Van
390,pending,2/14/2020,3/4/2020,2aa41636-6189-4479-8278-df0675327bc3,Nullam porttitor lacus at turpis. Donec posuere metus vitae ipsum. Aliquam non mauris.,high,Truck
391,pending,5/7/2020,7/22/2021,2c9e5851-2b42-4172-92af-63d084d06294,Cras non velit nec nisi vulputate nonummy. Maecenas tincidunt lacus at velit. Vivamus vel nulla eget eros elementum pellentesque.,high,Extra Large
392,retired,5/11/2020,8/28/2021,024e74e6-6862-4ed6-9c9b-9dda1e13c2fb,Cras non velit nec nisi vulputate nonummy. Maecenas tincidunt lacus at velit. Vivamus vel nulla eget eros elementum pellentesque.,low,Luxury
393,retired,6/4/2020,11/26/2021,f4e39f38-d476-4970-8c40-8616f156ef18,"In sagittis dui vel nisl. Duis ac nibh. Fusce lacus purus, aliquet at, feugiat non, pretium quis, lectus.",medium,Truck
394,pending,7/4/2021,3/25/2021,28c4f378-a78a-4216-bca8-08d81905ad30,"Morbi non lectus. Aliquam sit amet diam in magna bibendum imperdiet. Nullam orci pede, venenatis non, sodales sed, tincidunt eu, felis.",medium,Sport
395,retired,3/17/2021,4/19/2020,ff1cc9c2-b812-4f0c-951a-402c9c1746ea,"Curabitur in libero ut massa volutpat convallis. Morbi odio odio, elementum eu, interdum eu, tincidunt in, leo. Maecenas pulvinar lobortis est.",low,Extra Large
396,active,10/8/2021,11/25/2021,30fd9eeb-5971-4611-b269-f1d18c614e78,Integer tincidunt ante vel ipsum. Praesent blandit lacinia erat. Vestibulum sed magna at nunc commodo placerat.,low,Van
397,active,4/23/2021,11/10/2021,5a19d3b9-28d5-4c1e-a151-fbe25cfba0dd,"Quisque porta volutpat erat. Quisque erat eros, viverra eget, congue eget, semper rutrum, nulla. Nunc purus.",high,Extra Large
398,active,9/14/2021,10/12/2020,dec49680-fe3b-496a-8bb4-f3e311f24eec,Duis aliquam convallis nunc. Proin at turpis a pede posuere nonummy. Integer non velit.,high,Economical
399,pending,12/24/2021,12/31/2020,d5140a7a-4f75-40a6-94a2-6c29a8c333c7,"In sagittis dui vel nisl. Duis ac nibh. Fusce lacus purus, aliquet at, feugiat non, pretium quis, lectus.",medium,Van
400,pending,1/31/2020,3/29/2021,c7eb5dc4-8ca1-44c6-8960-a48ea8b959f0,"Proin interdum mauris non ligula pellentesque ultrices. Phasellus id sapien in sapien iaculis congue. Vivamus metus arcu, adipiscing molestie, hendrerit at, vulputate vitae, nisl.",high,Economical
401,retired,12/31/2020,1/23/2021,a96a8ba0-c9db-488d-b5be-d8ac562f4640,"Fusce posuere felis sed lacus. Morbi sem mauris, laoreet ut, rhoncus aliquet, pulvinar sed, nisl. Nunc rhoncus dui vel sem.",medium,Sport
402,retired,9/23/2020,5/25/2020,4b5089db-177b-4db0-a33c-69b3279e6a6c,Maecenas ut massa quis augue luctus tincidunt. Nulla mollis molestie lorem. Quisque ut erat.,high,Luxury
403,pending,12/14/2020,1/17/2021,5f573a43-1573-4432-9209-5af7d2657882,"Proin leo odio, porttitor id, consequat in, consequat ut, nulla. Sed accumsan felis. Ut at dolor quis odio consequat varius.",high,Luxury
404,inactive,10/21/2020,10/1/2021,23261492-81b4-4057-b89e-0e95f882740c,Nullam sit amet turpis elementum ligula vehicula consequat. Morbi a ipsum. Integer a nibh.,low,Van
405,active,11/13/2020,9/9/2020,4eaf0bac-4c82-4bb1-8282-5141a5d1e40b,"Lorem ipsum dolor sit amet, consectetuer adipiscing elit. Proin risus. Praesent lectus.",low,Economical
406,inactive,9/29/2020,1/30/2020,3d4d0dba-65f3-4bcf-95c2-2abad9d6b4fa,"Aenean fermentum. Donec ut mauris eget massa tempor convallis. Nulla neque libero, convallis eget, eleifend luctus, ultricies eu, nibh.",medium,Sport
407,pending,7/28/2021,10/23/2021,50fb8ca6-d552-4b65-a1ea-2d0657a238b1,"Praesent blandit. Nam nulla. Integer pede justo, lacinia eget, tincidunt eget, tempus vel, pede.",high,Truck
408,inactive,11/21/2021,11/24/2020,95472923-3e61-491d-bdd1-46f0f46b9b31,Sed ante. Vivamus tortor. Duis mattis egestas metus.,low,Van
409,active,4/5/2020,7/24/2020,a3dbee62-a3fc-4fef-bdb5-190fd2edd2b4,Phasellus in felis. Donec semper sapien a libero. Nam dui.,medium,Van
410,retired,7/2/2021,7/30/2020,540e5be8-e536-4778-9d21-f5bb9ab9d73e,"Vestibulum ac est lacinia nisi venenatis tristique. Fusce congue, diam id ornare imperdiet, sapien urna pretium nisl, ut volutpat sapien arcu sed augue. Aliquam erat volutpat.",medium,Truck
411,retired,4/3/2020,5/15/2021,86327bd1-6f5d-499d-8c9a-4f8835bc3184,Maecenas ut massa quis augue luctus tincidunt. Nulla mollis molestie lorem. Quisque ut erat.,low,Luxury
412,active,2/15/2020,7/6/2020,bcdcab3b-3ec9-4df2-b329-61bbfafd41a3,Nullam porttitor lacus at turpis. Donec posuere metus vitae ipsum. Aliquam non mauris.,high,Sport
413,inactive,12/29/2021,5/3/2021,a7e57cbb-d0eb-471e-8eed-53ed14a08d89,Integer tincidunt ante vel ipsum. Praesent blandit lacinia erat. Vestibulum sed magna at nunc commodo placerat.,medium,Truck
414,pending,4/17/2020,5/2/2021,36fd634d-c34e-425d-896b-1f9488224cd1,Maecenas ut massa quis augue luctus tincidunt. Nulla mollis molestie lorem. Quisque ut erat.,low,Economical
415,inactive,3/16/2020,6/18/2021,e454e595-3277-47d1-ae45-74671ed4584f,"Donec diam neque, vestibulum eget, vulputate ut, ultrices vel, augue. Vestibulum ante ipsum primis in faucibus orci luctus et ultrices posuere cubilia Curae; Donec pharetra, magna vestibulum aliquet ultrices, erat tortor sollicitudin mi, sit amet lobortis sapien sapien non mi. Integer ac neque.",medium,Extra Large
416,retired,9/19/2020,10/15/2021,23194982-1d4c-4772-9d32-f5595ceafeb3,Cras non velit nec nisi vulputate nonummy. Maecenas tincidunt lacus at velit. Vivamus vel nulla eget eros elementum pellentesque.,medium,Extra Large
417,pending,7/24/2020,6/12/2021,84560cf6-8d0a-4f44-b877-737a2395c444,Nullam sit amet turpis elementum ligula vehicula consequat. Morbi a ipsum. Integer a nibh.,high,Van
418,pending,7/16/2020,11/5/2020,906b4224-4595-41b0-bdbb-d6f565580e3e,"Cras mi pede, malesuada in, imperdiet et, commodo vulputate, justo. In blandit ultrices enim. Lorem ipsum dolor sit amet, consectetuer adipiscing elit.",medium,Sport
419,inactive,11/6/2020,5/9/2021,4bf53c43-775d-4c2f-a3ed-5b747a9ef9ba,"Vestibulum ac est lacinia nisi venenatis tristique. Fusce congue, diam id ornare imperdiet, sapien urna pretium nisl, ut volutpat sapien arcu sed augue. Aliquam erat volutpat.",medium,Truck
420,active,2/5/2020,10/6/2020,cb5d1820-1ee9-4cf6-a60a-12c1da563cee,In hac habitasse platea dictumst. Etiam faucibus cursus urna. Ut tellus.,high,Extra Large
421,inactive,6/25/2021,5/26/2021,efe33549-31d5-41e5-8b85-da10ce3f0955,"Curabitur at ipsum ac tellus semper interdum. Mauris ullamcorper purus sit amet nulla. Quisque arcu libero, rutrum ac, lobortis vel, dapibus at, diam.",high,Economical
422,retired,3/5/2021,12/21/2021,e24d7e4c-315f-410b-bd06-f5121577077a,"Proin interdum mauris non ligula pellentesque ultrices. Phasellus id sapien in sapien iaculis congue. Vivamus metus arcu, adipiscing molestie, hendrerit at, vulputate vitae, nisl.",high,Extra Large
423,retired,12/1/2020,7/21/2021,39825a4c-10ec-403e-a61c-d3f3c3b6380a,"Curabitur at ipsum ac tellus semper interdum. Mauris ullamcorper purus sit amet nulla. Quisque arcu libero, rutrum ac, lobortis vel, dapibus at, diam.",medium,Extra Large
424,pending,3/8/2020,1/20/2021,b199b0fe-4b5c-4b49-b8fd-7a872e0c69a6,"In sagittis dui vel nisl. Duis ac nibh. Fusce lacus purus, aliquet at, feugiat non, pretium quis, lectus.",low,Van
425,retired,2/15/2020,12/17/2020,c07c4fc7-b0b6-48dd-9b03-dfdb7c4b4ecd,Aenean lectus. Pellentesque eget nunc. Donec quis orci eget orci vehicula condimentum.,high,Extra Large
426,retired,11/17/2020,4/11/2021,b94722a3-69c6-4d56-b458-dfb58fe56fd1,"Curabitur gravida nisi at nibh. In hac habitasse platea dictumst. Aliquam augue quam, sollicitudin vitae, consectetuer eget, rutrum at, lorem.",high,Sport
427,retired,7/20/2021,2/22/2020,eeb0e8eb-f958-4d1e-ad19-534b761e29d7,"Praesent blandit. Nam nulla. Integer pede justo, lacinia eget, tincidunt eget, tempus vel, pede.",medium,Truck
428,inactive,6/21/2021,6/13/2021,f33fa98e-09d9-4860-a687-54aac7f3ac9a,Duis consequat dui nec nisi volutpat eleifend. Donec ut dolor. Morbi vel lectus in quam fringilla rhoncus.,low,Van
429,inactive,6/9/2020,6/15/2021,2a397357-a524-42d1-a778-329e19c82679,"Sed sagittis. Nam congue, risus semper porta volutpat, quam pede lobortis ligula, sit amet eleifend pede libero quis orci. Nullam molestie nibh in lectus.",high,Extra Large
430,retired,5/8/2021,12/11/2020,84e2b281-3613-4015-b20d-4a66a9ed556d,"Lorem ipsum dolor sit amet, consectetuer adipiscing elit. Proin risus. Praesent lectus.",low,Luxury
431,pending,9/14/2021,11/12/2021,6149e11c-117b-4ff0-a071-d35166a3d6fd,Etiam vel augue. Vestibulum rutrum rutrum neque. Aenean auctor gravida sem.,high,Economical
432,inactive,8/19/2020,10/10/2020,09cff77f-3647-4e9a-804e-b61aff6ffcaf,In congue. Etiam justo. Etiam pretium iaculis justo.,low,Extra Large
433,inactive,5/27/2020,6/1/2021,d5ad6211-3984-4c29-96d1-d7efac526911,"Aenean fermentum. Donec ut mauris eget massa tempor convallis. Nulla neque libero, convallis eget, eleifend luctus, ultricies eu, nibh.",high,Economical
434,pending,12/8/2020,10/10/2021,23fd8873-537e-4f85-989d-58bb9c2dcd5d,In quis justo. Maecenas rhoncus aliquam lacus. Morbi quis tortor id nulla ultrices aliquet.,medium,Sport
435,inactive,4/27/2021,7/1/2020,dd0d0483-b054-4c60-bf39-abdf2ea8419b,"Nam ultrices, libero non mattis pulvinar, nulla pede ullamcorper augue, a suscipit nulla elit ac nulla. Sed vel enim sit amet nunc viverra dapibus. Nulla suscipit ligula in lacus.",high,Van
436,pending,1/10/2020,5/15/2020,c4b135fa-b220-46d8-99a2-83b8ca0a8fd7,Suspendisse potenti. In eleifend quam a odio. In hac habitasse platea dictumst.,low,Economical
437,active,10/2/2020,10/27/2020,96e6209e-04c7-4118-84fa-be01e7e2fd62,Nulla ut erat id mauris vulputate elementum. Nullam varius. Nulla facilisi.,low,Economical
438,pending,10/23/2021,3/24/2021,c1dd2a65-9738-495c-be57-4597c8e99baa,Maecenas ut massa quis augue luctus tincidunt. Nulla mollis molestie lorem. Quisque ut erat.,low,Truck
439,inactive,2/28/2020,11/24/2021,bff3bd00-5113-4e87-8c58-482f7348d9cf,Praesent id massa id nisl venenatis lacinia. Aenean sit amet justo. Morbi ut odio.,medium,Luxury
440,inactive,5/10/2020,11/8/2021,e0b012d9-2f01-414a-866d-6d39452a7db9,"Donec diam neque, vestibulum eget, vulputate ut, ultrices vel, augue. Vestibulum ante ipsum primis in faucibus orci luctus et ultrices posuere cubilia Curae; Donec pharetra, magna vestibulum aliquet ultrices, erat tortor sollicitudin mi, sit amet lobortis sapien sapien non mi. Integer ac neque.",high,Van
441,active,3/6/2020,11/22/2021,ad228719-cf8d-47fd-afcb-6efffc703575,"Proin interdum mauris non ligula pellentesque ultrices. Phasellus id sapien in sapien iaculis congue. Vivamus metus arcu, adipiscing molestie, hendrerit at, vulputate vitae, nisl.",high,Economical
442,pending,1/3/2020,11/22/2021,8d7ab29f-6995-44d6-9a32-e3dfc54d5462,"Sed sagittis. Nam congue, risus semper porta volutpat, quam pede lobortis ligula, sit amet eleifend pede libero quis orci. Nullam molestie nibh in lectus.",low,Truck
443,pending,5/19/2021,8/21/2021,3bc27c5a-11e3-4eb7-98da-bcf09022fa76,"Morbi non lectus. Aliquam sit amet diam in magna bibendum imperdiet. Nullam orci pede, venenatis non, sodales sed, tincidunt eu, felis.",high,Luxury
444,pending,1/28/2021,8/16/2020,b633dfd9-7825-4bc0-af22-bbc203ec70b6,Cras non velit nec nisi vulputate nonummy. Maecenas tincidunt lacus at velit. Vivamus vel nulla eget eros elementum pellentesque.,medium,Economical
445,retired,9/14/2020,3/8/2020,5915bbdd-8774-4bd5-a87b-0be79c1d2453,"Morbi porttitor lorem id ligula. Suspendisse ornare consequat lectus. In est risus, auctor sed, tristique in, tempus sit amet, sem.",low,Economical
446,pending,4/12/2021,11/5/2021,ad6c607a-cb6b-42bd-b0ad-a446b40123f5,"Curabitur gravida nisi at nibh. In hac habitasse platea dictumst. Aliquam augue quam, sollicitudin vitae, consectetuer eget, rutrum at, lorem.",high,Luxury
447,active,7/17/2020,10/29/2021,23d81060-f6e5-46bd-a3b0-a45085616527,Etiam vel augue. Vestibulum rutrum rutrum neque. Aenean auctor gravida sem.,high,Sport
448,active,12/1/2020,12/19/2021,38414ba1-d49b-486d-98d8-750f348b31d9,Integer tincidunt ante vel ipsum. Praesent blandit lacinia erat. Vestibulum sed magna at nunc commodo placerat.,high,Truck
449,retired,2/20/2021,1/20/2021,71b61d57-0e6c-4a4f-a4bc-83f8dc7cf3ab,Integer tincidunt ante vel ipsum. Praesent blandit lacinia erat. Vestibulum sed magna at nunc commodo placerat.,medium,Luxury
450,retired,2/18/2021,12/3/2021,391ca52c-4fba-4845-9666-b8a7b6c1f5d6,"Curabitur gravida nisi at nibh. In hac habitasse platea dictumst. Aliquam augue quam, sollicitudin vitae, consectetuer eget, rutrum at, lorem.",low,Sport
451,active,2/1/2021,2/18/2021,189dca21-38e0-483a-82b4-cf4c829c9e1a,"Duis bibendum, felis sed interdum venenatis, turpis enim blandit mi, in porttitor pede justo eu massa. Donec dapibus. Duis at velit eu est congue elementum.",low,Sport
452,inactive,10/3/2021,4/30/2021,6c398a33-d135-4372-a26d-642e9d12d376,In quis justo. Maecenas rhoncus aliquam lacus. Morbi quis tortor id nulla ultrices aliquet.,medium,Sport
453,retired,10/28/2020,1/8/2021,c19e3626-65d1-4dfe-a876-5ceda5edbdd6,"Curabitur in libero ut massa volutpat convallis. Morbi odio odio, elementum eu, interdum eu, tincidunt in, leo. Maecenas pulvinar lobortis est.",high,Extra Large
454,active,11/7/2020,10/9/2020,7f02be31-145f-4f79-a5a6-4c19da1ebf6a,"Curabitur at ipsum ac tellus semper interdum. Mauris ullamcorper purus sit amet nulla. Quisque arcu libero, rutrum ac, lobortis vel, dapibus at, diam.",low,Sport
455,inactive,9/5/2021,11/24/2020,afea8df1-a18e-4673-81c8-f7374e7406f1,Sed ante. Vivamus tortor. Duis mattis egestas metus.,medium,Van
456,inactive,7/3/2021,7/4/2020,892b159a-c1bc-493c-a98e-be70c3122ac0,Duis aliquam convallis nunc. Proin at turpis a pede posuere nonummy. Integer non velit.,medium,Economical
457,active,10/1/2020,4/28/2021,3a070f46-f54d-40e6-9e7f-fc56817a1b42,"Cras mi pede, malesuada in, imperdiet et, commodo vulputate, justo. In blandit ultrices enim. Lorem ipsum dolor sit amet, consectetuer adipiscing elit.",medium,Economical
458,retired,2/4/2020,10/29/2020,82650fdb-ebdb-4872-839b-85ebdb01fdf6,"Aenean fermentum. Donec ut mauris eget massa tempor convallis. Nulla neque libero, convallis eget, eleifend luctus, ultricies eu, nibh.",medium,Sport
459,inactive,4/8/2020,2/3/2020,c03a581a-f53d-493f-8d93-bddde7fbeb8d,"Vestibulum ac est lacinia nisi venenatis tristique. Fusce congue, diam id ornare imperdiet, sapien urna pretium nisl, ut volutpat sapien arcu sed augue. Aliquam erat volutpat.",high,Extra Large
460,pending,8/4/2020,1/8/2021,af17657b-420a-4552-a73b-be3d1a5cad60,"Sed sagittis. Nam congue, risus semper porta volutpat, quam pede lobortis ligula, sit amet eleifend pede libero quis orci. Nullam molestie nibh in lectus.",high,Van
461,inactive,3/12/2020,10/5/2021,3cfdf0b4-2885-4759-9ddc-02aa487982ce,"Sed sagittis. Nam congue, risus semper porta volutpat, quam pede lobortis ligula, sit amet eleifend pede libero quis orci. Nullam molestie nibh in lectus.",medium,Luxury
462,inactive,3/14/2020,9/3/2021,c363f078-a767-4711-809f-04bd775cb6b7,"Vestibulum quam sapien, varius ut, blandit non, interdum in, ante. Vestibulum ante ipsum primis in faucibus orci luctus et ultrices posuere cubilia Curae; Duis faucibus accumsan odio. Curabitur convallis.",high,Sport
463,inactive,9/8/2020,8/28/2020,927d24ca-64c9-4426-9790-f9be690abd1c,Nullam porttitor lacus at turpis. Donec posuere metus vitae ipsum. Aliquam non mauris.,low,Luxury
464,inactive,5/18/2020,4/24/2020,16428b85-652c-4f22-9ba8-8fc11174f30b,"Proin interdum mauris non ligula pellentesque ultrices. Phasellus id sapien in sapien iaculis congue. Vivamus metus arcu, adipiscing molestie, hendrerit at, vulputate vitae, nisl.",low,Van
465,active,5/2/2020,7/11/2020,bd930dab-7541-4b81-8e9b-08a0ec142987,"Morbi porttitor lorem id ligula. Suspendisse ornare consequat lectus. In est risus, auctor sed, tristique in, tempus sit amet, sem.",medium,Sport
466,active,8/14/2020,8/6/2020,e48b3a95-2827-4501-9cfa-9ab0fdf6209a,"Mauris enim leo, rhoncus sed, vestibulum sit amet, cursus id, turpis. Integer aliquet, massa id lobortis convallis, tortor risus dapibus augue, vel accumsan tellus nisi eu orci. Mauris lacinia sapien quis libero.",low,Van
467,active,12/26/2020,1/8/2020,e6bab29f-f15b-4f9e-adc4-df39f7cd145d,Integer tincidunt ante vel ipsum. Praesent blandit lacinia erat. Vestibulum sed magna at nunc commodo placerat.,medium,Sport
468,retired,6/7/2020,12/19/2021,55568b16-14e4-4bde-b6a7-e0af79729639,"Proin interdum mauris non ligula pellentesque ultrices. Phasellus id sapien in sapien iaculis congue. Vivamus metus arcu, adipiscing molestie, hendrerit at, vulputate vitae, nisl.",high,Truck
469,active,6/12/2021,3/28/2020,6545a910-11ba-4f14-9bbf-775f173583bc,"Morbi porttitor lorem id ligula. Suspendisse ornare consequat lectus. In est risus, auctor sed, tristique in, tempus sit amet, sem.",low,Luxury
470,active,8/6/2021,9/3/2020,08438496-c9a3-43ba-a769-0052fe72dbdb,"Vestibulum ac est lacinia nisi venenatis tristique. Fusce congue, diam id ornare imperdiet, sapien urna pretium nisl, ut volutpat sapien arcu sed augue. Aliquam erat volutpat.",medium,Truck
471,inactive,5/7/2020,11/25/2020,fe83e84d-3989-47c2-a333-a373ccbe37d6,"Nam ultrices, libero non mattis pulvinar, nulla pede ullamcorper augue, a suscipit nulla elit ac nulla. Sed vel enim sit amet nunc viverra dapibus. Nulla suscipit ligula in lacus.",medium,Van
472,pending,6/28/2020,8/12/2020,deacdf48-82f1-416f-af10-b8f134a0a5f5,"Fusce posuere felis sed lacus. Morbi sem mauris, laoreet ut, rhoncus aliquet, pulvinar sed, nisl. Nunc rhoncus dui vel sem.",low,Van
473,inactive,11/26/2021,7/30/2020,25a6975b-23d9-4e25-8c7c-cab3414e482e,In quis justo. Maecenas rhoncus aliquam lacus. Morbi quis tortor id nulla ultrices aliquet.,high,Van
474,pending,10/10/2021,10/19/2020,7635f57f-a5ab-457e-ab0e-3c411314c1b1,"Cras mi pede, malesuada in, imperdiet et, commodo vulputate, justo. In blandit ultrices enim. Lorem ipsum dolor sit amet, consectetuer adipiscing elit.",low,Sport
475,pending,1/19/2021,5/2/2020,7872f4bb-b74f-4c99-8d45-de59c9fdb92a,"Morbi porttitor lorem id ligula. Suspendisse ornare consequat lectus. In est risus, auctor sed, tristique in, tempus sit amet, sem.",low,Sport
476,active,12/11/2021,5/2/2021,ead15e5b-e832-41f8-a791-ef966e5a4735,"Vestibulum ac est lacinia nisi venenatis tristique. Fusce congue, diam id ornare imperdiet, sapien urna pretium nisl, ut volutpat sapien arcu sed augue. Aliquam erat volutpat.",medium,Extra Large
477,inactive,6/27/2021,5/17/2020,1c6662b9-0429-4663-96ab-47e463090bab,"Curabitur in libero ut massa volutpat convallis. Morbi odio odio, elementum eu, interdum eu, tincidunt in, leo. Maecenas pulvinar lobortis est.",low,Luxury
478,pending,2/9/2021,10/5/2020,a0ab358e-5554-4d88-a3dc-bd059b84901f,"Maecenas leo odio, condimentum id, luctus nec, molestie sed, justo. Pellentesque viverra pede ac diam. Cras pellentesque volutpat dui.",medium,Van
479,inactive,12/29/2020,5/28/2021,fe5796a5-3fea-4cf6-808b-10a2840df16c,In quis justo. Maecenas rhoncus aliquam lacus. Morbi quis tortor id nulla ultrices aliquet.,high,Truck
480,pending,8/16/2021,2/12/2020,f4134f9e-608d-42e7-9488-1700d06ac67c,"Curabitur in libero ut massa volutpat convallis. Morbi odio odio, elementum eu, interdum eu, tincidunt in, leo. Maecenas pulvinar lobortis est.",high,Truck
481,retired,9/19/2021,6/19/2021,4f16897a-a09c-4430-8d8e-82c8dc20a89c,Phasellus in felis. Donec semper sapien a libero. Nam dui.,low,Truck
482,retired,5/28/2021,12/20/2020,3a41a59f-89e2-4623-8be5-0987fd53ff0d,"Curabitur at ipsum ac tellus semper interdum. Mauris ullamcorper purus sit amet nulla. Quisque arcu libero, rutrum ac, lobortis vel, dapibus at, diam.",low,Sport
483,pending,6/28/2020,9/7/2020,bab4a711-dcb3-4697-851a-237072991f98,"Proin interdum mauris non ligula pellentesque ultrices. Phasellus id sapien in sapien iaculis congue. Vivamus metus arcu, adipiscing molestie, hendrerit at, vulputate vitae, nisl.",low,Sport
484,active,2/12/2020,8/8/2021,e5462aaf-7ef1-4882-96e7-3210ca7355ea,Phasellus in felis. Donec semper sapien a libero. Nam dui.,low,Economical
485,active,9/30/2020,4/20/2020,d83deb82-bd60-4354-8e6c-abe5b0209320,"Nam ultrices, libero non mattis pulvinar, nulla pede ullamcorper augue, a suscipit nulla elit ac nulla. Sed vel enim sit amet nunc viverra dapibus. Nulla suscipit ligula in lacus.",low,Economical
486,retired,4/3/2021,11/6/2021,8684d394-ee2d-4d1c-849c-dbee60fc9076,"Proin eu mi. Nulla ac enim. In tempor, turpis nec euismod scelerisque, quam turpis adipiscing lorem, vitae mattis nibh ligula nec sem.",low,Van
487,retired,10/22/2021,7/18/2021,a1b788e0-ff09-4d79-98e6-8d536fcf9be7,Cras non velit nec nisi vulputate nonummy. Maecenas tincidunt lacus at velit. Vivamus vel nulla eget eros elementum pellentesque.,low,Extra Large
488,active,1/27/2020,10/4/2021,069f4089-db2a-4edd-a702-7dac98603da2,"Cum sociis natoque penatibus et magnis dis parturient montes, nascetur ridiculus mus. Vivamus vestibulum sagittis sapien. Cum sociis natoque penatibus et magnis dis parturient montes, nascetur ridiculus mus.",low,Extra Large
489,retired,4/1/2021,12/28/2021,cca35c9a-a35a-4b3f-9d16-6f0ca7834b35,Cras non velit nec nisi vulputate nonummy. Maecenas tincidunt lacus at velit. Vivamus vel nulla eget eros elementum pellentesque.,medium,Sport
490,retired,1/25/2020,10/26/2020,f16b53d9-57b9-4d40-9e5e-eb85f4980231,"Cras mi pede, malesuada in, imperdiet et, commodo vulputate, justo. In blandit ultrices enim. Lorem ipsum dolor sit amet, consectetuer adipiscing elit.",low,Extra Large
491,inactive,9/18/2021,12/21/2021,79cd3899-4dfe-4b37-872b-a8528bbb30a9,"Aenean fermentum. Donec ut mauris eget massa tempor convallis. Nulla neque libero, convallis eget, eleifend luctus, ultricies eu, nibh.",high,Luxury
492,pending,2/16/2020,4/17/2021,1d9d3169-e0a7-4133-8cf6-16906a892cec,Aenean lectus. Pellentesque eget nunc. Donec quis orci eget orci vehicula condimentum.,medium,Van
493,pending,4/15/2020,12/28/2021,187752ca-0585-4919-8359-ee4fbfda111a,"Fusce posuere felis sed lacus. Morbi sem mauris, laoreet ut, rhoncus aliquet, pulvinar sed, nisl. Nunc rhoncus dui vel sem.",medium,Extra Large
494,retired,8/29/2020,12/27/2020,3271a152-089e-4306-bbc4-75cc01fd2f94,"Curabitur at ipsum ac tellus semper interdum. Mauris ullamcorper purus sit amet nulla. Quisque arcu libero, rutrum ac, lobortis vel, dapibus at, diam.",medium,Van
495,active,8/16/2020,7/3/2020,bbbede60-ba97-4006-9396-374145fb305e,"Duis bibendum, felis sed interdum venenatis, turpis enim blandit mi, in porttitor pede justo eu massa. Donec dapibus. Duis at velit eu est congue elementum.",low,Sport
496,pending,6/14/2021,7/10/2020,a45cb2fc-4a8d-4b44-8748-1d381f93e5d7,"Quisque porta volutpat erat. Quisque erat eros, viverra eget, congue eget, semper rutrum, nulla. Nunc purus.",low,Sport
497,pending,5/26/2020,9/12/2021,f53472de-5e7f-4151-882d-dbfda0808bdf,"Donec diam neque, vestibulum eget, vulputate ut, ultrices vel, augue. Vestibulum ante ipsum primis in faucibus orci luctus et ultrices posuere cubilia Curae; Donec pharetra, magna vestibulum aliquet ultrices, erat tortor sollicitudin mi, sit amet lobortis sapien sapien non mi. Integer ac neque.",high,Luxury
498,inactive,2/14/2021,12/31/2020,bda58607-e35c-40bd-b630-3f36024f7def,Etiam vel augue. Vestibulum rutrum rutrum neque. Aenean auctor gravida sem.,low,Truck
499,active,6/18/2021,6/9/2021,19707f68-9433-461e-910b-5a77ba870513,"Vestibulum ac est lacinia nisi venenatis tristique. Fusce congue, diam id ornare imperdiet, sapien urna pretium nisl, ut volutpat sapien arcu sed augue. Aliquam erat volutpat.",low,Economical
500,inactive,12/17/2021,2/8/2021,0faba58c-b03c-409e-9299-325b35492f8b,"In hac habitasse platea dictumst. Morbi vestibulum, velit id pretium iaculis, diam erat fermentum justo, nec condimentum neque sapien placerat ante. Nulla justo.",medium,Truck
501,pending,9/14/2021,3/3/2020,dc92542c-7c18-46cc-981a-dfae3387cc0a,"Maecenas leo odio, condimentum id, luctus nec, molestie sed, justo. Pellentesque viverra pede ac diam. Cras pellentesque volutpat dui.",high,Economical
502,inactive,10/3/2020,1/24/2021,bc1fe17d-972c-4299-86ab-9dead89db54b,"Mauris enim leo, rhoncus sed, vestibulum sit amet, cursus id, turpis. Integer aliquet, massa id lobortis convallis, tortor risus dapibus augue, vel accumsan tellus nisi eu orci. Mauris lacinia sapien quis libero.",medium,Sport
503,pending,6/28/2021,9/1/2020,1735783d-5b02-42e8-b557-edd2bd18352b,Duis consequat dui nec nisi volutpat eleifend. Donec ut dolor. Morbi vel lectus in quam fringilla rhoncus.,high,Sport
504,inactive,12/19/2020,10/13/2020,51aa00d5-c7ee-440a-81e4-124dd06359d9,"Proin eu mi. Nulla ac enim. In tempor, turpis nec euismod scelerisque, quam turpis adipiscing lorem, vitae mattis nibh ligula nec sem.",high,Van
505,active,3/29/2020,9/17/2020,d4390954-6051-4e48-96d8-d1daf45f0c49,"Fusce posuere felis sed lacus. Morbi sem mauris, laoreet ut, rhoncus aliquet, pulvinar sed, nisl. Nunc rhoncus dui vel sem.",low,Economical
506,pending,8/7/2021,1/18/2021,ef217183-2cb1-4a51-bef7-396236b43fd6,"Aenean fermentum. Donec ut mauris eget massa tempor convallis. Nulla neque libero, convallis eget, eleifend luctus, ultricies eu, nibh.",low,Sport
507,pending,4/11/2021,6/11/2021,deb13b9a-b203-488a-990c-3d200ad41b5a,"Morbi porttitor lorem id ligula. Suspendisse ornare consequat lectus. In est risus, auctor sed, tristique in, tempus sit amet, sem.",medium,Economical
508,pending,10/2/2021,9/10/2021,f5edd36f-84c3-4c1c-acf9-a84fee24b607,"Maecenas leo odio, condimentum id, luctus nec, molestie sed, justo. Pellentesque viverra pede ac diam. Cras pellentesque volutpat dui.",high,Truck
509,pending,6/6/2020,8/25/2020,904ba240-8bc5-4505-ac25-deed597207b9,"Praesent blandit. Nam nulla. Integer pede justo, lacinia eget, tincidunt eget, tempus vel, pede.",low,Sport
510,inactive,3/14/2020,7/19/2020,06e91e49-5493-4496-b246-8d48c4926f91,"Proin interdum mauris non ligula pellentesque ultrices. Phasellus id sapien in sapien iaculis congue. Vivamus metus arcu, adipiscing molestie, hendrerit at, vulputate vitae, nisl.",medium,Sport
511,active,11/5/2021,4/10/2021,e545939f-2167-40ca-b301-fcdb0f6c3ba4,"Nam ultrices, libero non mattis pulvinar, nulla pede ullamcorper augue, a suscipit nulla elit ac nulla. Sed vel enim sit amet nunc viverra dapibus. Nulla suscipit ligula in lacus.",medium,Truck
512,inactive,5/29/2021,8/22/2020,f6ba5c4a-cf9d-489b-92b2-6ed2977c0e55,"Fusce posuere felis sed lacus. Morbi sem mauris, laoreet ut, rhoncus aliquet, pulvinar sed, nisl. Nunc rhoncus dui vel sem.",high,Truck
513,inactive,1/27/2021,1/28/2021,4b1c73bb-d218-4b3b-be8e-f23daa521407,"Vestibulum ac est lacinia nisi venenatis tristique. Fusce congue, diam id ornare imperdiet, sapien urna pretium nisl, ut volutpat sapien arcu sed augue. Aliquam erat volutpat.",low,Sport
514,active,7/18/2020,2/19/2021,9cd5cf63-587f-4b0c-9aea-fad5e16a9e77,Phasellus sit amet erat. Nulla tempus. Vivamus in felis eu sapien cursus vestibulum.,high,Economical
515,pending,6/21/2020,9/7/2021,468dae07-0732-40da-a538-754566462b4d,Integer tincidunt ante vel ipsum. Praesent blandit lacinia erat. Vestibulum sed magna at nunc commodo placerat.,low,Van
516,inactive,4/20/2020,9/22/2021,f8b5446b-3a58-4e83-87b3-f6ce52681560,"Proin interdum mauris non ligula pellentesque ultrices. Phasellus id sapien in sapien iaculis congue. Vivamus metus arcu, adipiscing molestie, hendrerit at, vulputate vitae, nisl.",low,Van
517,retired,9/6/2021,8/10/2020,0dbdf6bb-cb19-49d8-8097-01760c339c7a,Fusce consequat. Nulla nisl. Nunc nisl.,medium,Extra Large
518,pending,6/14/2020,8/26/2020,25d34546-1b04-4c59-a6fd-db32f5a03fad,"Proin leo odio, porttitor id, consequat in, consequat ut, nulla. Sed accumsan felis. Ut at dolor quis odio consequat varius.",high,Luxury
519,active,8/25/2021,2/5/2021,952b4afb-c804-4824-9705-398323dfa3d3,Duis bibendum. Morbi non quam nec dui luctus rutrum. Nulla tellus.,low,Van
520,active,8/30/2021,8/4/2021,1af9c277-0ff0-4ed1-b01b-90c0489ce769,In hac habitasse platea dictumst. Etiam faucibus cursus urna. Ut tellus.,medium,Sport
521,retired,9/17/2020,3/26/2021,03302499-7fdf-41f4-a453-a8ba8e768793,"Proin eu mi. Nulla ac enim. In tempor, turpis nec euismod scelerisque, quam turpis adipiscing lorem, vitae mattis nibh ligula nec sem.",medium,Van
522,inactive,8/12/2021,2/8/2021,ca649a05-21fe-43e0-810d-1eab9e7d7fb9,"Morbi porttitor lorem id ligula. Suspendisse ornare consequat lectus. In est risus, auctor sed, tristique in, tempus sit amet, sem.",medium,Extra Large
523,inactive,9/26/2020,12/9/2021,219e99fc-3ba1-481b-9751-27f143a8ff73,"Curabitur in libero ut massa volutpat convallis. Morbi odio odio, elementum eu, interdum eu, tincidunt in, leo. Maecenas pulvinar lobortis est.",medium,Extra Large
524,retired,11/11/2021,10/3/2020,4477f7e6-0636-4078-9576-26c14ab93786,"Quisque id justo sit amet sapien dignissim vestibulum. Vestibulum ante ipsum primis in faucibus orci luctus et ultrices posuere cubilia Curae; Nulla dapibus dolor vel est. Donec odio justo, sollicitudin ut, suscipit a, feugiat et, eros.",high,Van
525,active,6/11/2020,4/23/2020,d792c45f-f863-4ca9-9d36-39fb41c20840,In hac habitasse platea dictumst. Etiam faucibus cursus urna. Ut tellus.,medium,Van
526,inactive,9/28/2021,9/26/2021,e3790f4d-ed2b-4f66-8aad-682edfa8b7b8,Integer ac leo. Pellentesque ultrices mattis odio. Donec vitae nisi.,high,Extra Large
527,pending,3/20/2020,5/9/2020,8752d471-6434-4a9a-aab2-34f9111d0f1a,"Curabitur in libero ut massa volutpat convallis. Morbi odio odio, elementum eu, interdum eu, tincidunt in, leo. Maecenas pulvinar lobortis est.",low,Truck
528,retired,11/15/2021,6/13/2020,715987f2-971b-41bd-ae9f-f9bdda66cc95,Duis bibendum. Morbi non quam nec dui luctus rutrum. Nulla tellus.,medium,Sport
529,inactive,9/2/2020,2/15/2021,b2b862f7-6827-42a8-bb5a-5b99db8b747b,"Maecenas tristique, est et tempus semper, est quam pharetra magna, ac consequat metus sapien ut nunc. Vestibulum ante ipsum primis in faucibus orci luctus et ultrices posuere cubilia Curae; Mauris viverra diam vitae quam. Suspendisse potenti.",low,Truck
530,pending,11/20/2020,7/27/2020,a577842b-5f4a-4456-a904-f2f5046703c8,"Donec diam neque, vestibulum eget, vulputate ut, ultrices vel, augue. Vestibulum ante ipsum primis in faucibus orci luctus et ultrices posuere cubilia Curae; Donec pharetra, magna vestibulum aliquet ultrices, erat tortor sollicitudin mi, sit amet lobortis sapien sapien non mi. Integer ac neque.",high,Truck
531,retired,8/1/2020,8/10/2021,fbedd1e4-3432-4f72-8717-986f6d74acc5,"In sagittis dui vel nisl. Duis ac nibh. Fusce lacus purus, aliquet at, feugiat non, pretium quis, lectus.",low,Truck
532,retired,5/24/2021,6/7/2021,4424e57c-105f-4918-a696-edc9f70c9386,"Maecenas tristique, est et tempus semper, est quam pharetra magna, ac consequat metus sapien ut nunc. Vestibulum ante ipsum primis in faucibus orci luctus et ultrices posuere cubilia Curae; Mauris viverra diam vitae quam. Suspendisse potenti.",high,Luxury
533,pending,6/9/2021,10/18/2020,e3fd7ed6-de22-4d4a-95f9-31e705c92670,"Maecenas leo odio, condimentum id, luctus nec, molestie sed, justo. Pellentesque viverra pede ac diam. Cras pellentesque volutpat dui.",high,Sport
534,inactive,5/4/2020,5/30/2021,d509585e-9a61-4044-9ce7-64ea8a9271d6,"Maecenas tristique, est et tempus semper, est quam pharetra magna, ac consequat metus sapien ut nunc. Vestibulum ante ipsum primis in faucibus orci luctus et ultrices posuere cubilia Curae; Mauris viverra diam vitae quam. Suspendisse potenti.",low,Van
535,active,9/30/2021,11/8/2021,c297578f-a644-499c-8598-6497320f8cc6,"Maecenas leo odio, condimentum id, luctus nec, molestie sed, justo. Pellentesque viverra pede ac diam. Cras pellentesque volutpat dui.",medium,Van
536,active,9/21/2020,7/28/2020,f95ebf7d-c81b-4ee0-9bff-0c8f4b9fb270,In congue. Etiam justo. Etiam pretium iaculis justo.,medium,Sport
537,inactive,12/29/2021,5/26/2020,66133c67-0f6e-4a2a-912a-52159fe3b329,"Duis bibendum, felis sed interdum venenatis, turpis enim blandit mi, in porttitor pede justo eu massa. Donec dapibus. Duis at velit eu est congue elementum.",medium,Sport
538,retired,11/30/2020,4/3/2021,4b2075a7-f202-471e-8b2c-a66705694c12,"Curabitur at ipsum ac tellus semper interdum. Mauris ullamcorper purus sit amet nulla. Quisque arcu libero, rutrum ac, lobortis vel, dapibus at, diam.",medium,Economical
539,retired,3/1/2020,11/11/2021,90b30bc7-afae-49db-99c3-4ea3798dd4bf,"Sed sagittis. Nam congue, risus semper porta volutpat, quam pede lobortis ligula, sit amet eleifend pede libero quis orci. Nullam molestie nibh in lectus.",low,Extra Large
540,pending,12/21/2021,4/12/2020,9c51e2bc-110c-4834-a543-908ff4d6845e,Fusce consequat. Nulla nisl. Nunc nisl.,low,Economical
541,active,9/11/2020,6/21/2021,6ca2d81e-a24f-47ab-9a3e-bb1bbbd144e8,"Fusce posuere felis sed lacus. Morbi sem mauris, laoreet ut, rhoncus aliquet, pulvinar sed, nisl. Nunc rhoncus dui vel sem.",high,Economical
542,retired,1/31/2021,10/19/2020,279c66de-24e3-4085-aa67-510525e1114d,"Vestibulum ac est lacinia nisi venenatis tristique. Fusce congue, diam id ornare imperdiet, sapien urna pretium nisl, ut volutpat sapien arcu sed augue. Aliquam erat volutpat.",medium,Luxury
543,inactive,4/26/2020,1/28/2020,ef6a0f9c-793c-41f2-9268-e989a01ebe02,Suspendisse potenti. In eleifend quam a odio. In hac habitasse platea dictumst.,low,Van
544,active,1/6/2020,2/13/2020,c6794b06-d34c-479f-aa82-a2857f213b75,"Curabitur in libero ut massa volutpat convallis. Morbi odio odio, elementum eu, interdum eu, tincidunt in, leo. Maecenas pulvinar lobortis est.",low,Van
545,retired,1/21/2021,3/31/2020,27638809-4ea3-41ed-a83b-166b7a0ab540,Duis bibendum. Morbi non quam nec dui luctus rutrum. Nulla tellus.,medium,Sport
546,active,1/21/2021,9/4/2021,cc704770-6d9b-47da-9e6a-8e4298fb496b,"Vestibulum quam sapien, varius ut, blandit non, interdum in, ante. Vestibulum ante ipsum primis in faucibus orci luctus et ultrices posuere cubilia Curae; Duis faucibus accumsan odio. Curabitur convallis.",high,Luxury
547,inactive,5/25/2020,9/6/2021,9a941034-39d7-414b-826a-694ea2a49e94,Suspendisse potenti. In eleifend quam a odio. In hac habitasse platea dictumst.,low,Economical
548,active,10/28/2020,1/9/2021,8df809cc-d656-476d-a4c4-723c396661ce,"Fusce posuere felis sed lacus. Morbi sem mauris, laoreet ut, rhoncus aliquet, pulvinar sed, nisl. Nunc rhoncus dui vel sem.",medium,Luxury
549,active,7/24/2021,1/17/2020,efc8b69b-629c-435f-9bfc-94386bfd6afe,Duis aliquam convallis nunc. Proin at turpis a pede posuere nonummy. Integer non velit.,medium,Extra Large
550,retired,4/30/2021,12/29/2021,c1afee95-f943-4832-b4da-e5e01ea5a714,Phasellus sit amet erat. Nulla tempus. Vivamus in felis eu sapien cursus vestibulum.,low,Van
551,retired,9/20/2020,2/5/2021,c943db25-7ebe-4256-bb28-c41a71c2861c,"Duis bibendum, felis sed interdum venenatis, turpis enim blandit mi, in porttitor pede justo eu massa. Donec dapibus. Duis at velit eu est congue elementum.",high,Luxury
552,active,8/4/2021,6/4/2021,816d39b2-d921-43dd-99ab-c1f029e81466,"Maecenas leo odio, condimentum id, luctus nec, molestie sed, justo. Pellentesque viverra pede ac diam. Cras pellentesque volutpat dui.",medium,Economical
553,inactive,9/23/2020,2/28/2021,d578f8a5-da17-4faf-88a2-1613e450eb9f,"Morbi porttitor lorem id ligula. Suspendisse ornare consequat lectus. In est risus, auctor sed, tristique in, tempus sit amet, sem.",high,Truck
554,inactive,6/20/2020,12/19/2021,3549afd1-ef5a-4b3a-9075-fa8adc21d9a0,Cras non velit nec nisi vulputate nonummy. Maecenas tincidunt lacus at velit. Vivamus vel nulla eget eros elementum pellentesque.,medium,Sport
555,pending,1/8/2021,8/12/2020,246ff32c-e144-44e1-bb90-d49c4ce5a13f,Aenean lectus. Pellentesque eget nunc. Donec quis orci eget orci vehicula condimentum.,high,Extra Large
556,pending,5/12/2021,12/22/2021,3e501400-a491-478d-9ef0-73594e145ff9,"Donec diam neque, vestibulum eget, vulputate ut, ultrices vel, augue. Vestibulum ante ipsum primis in faucibus orci luctus et ultrices posuere cubilia Curae; Donec pharetra, magna vestibulum aliquet ultrices, erat tortor sollicitudin mi, sit amet lobortis sapien sapien non mi. Integer ac neque.",low,Truck
557,active,8/26/2020,12/30/2020,87b99f9c-9857-48db-84be-333a082f0c4d,Nullam sit amet turpis elementum ligula vehicula consequat. Morbi a ipsum. Integer a nibh.,low,Truck
558,inactive,10/2/2020,9/9/2021,1acf2793-b5e8-46ec-a17b-e99e574826d5,"Quisque id justo sit amet sapien dignissim vestibulum. Vestibulum ante ipsum primis in faucibus orci luctus et ultrices posuere cubilia Curae; Nulla dapibus dolor vel est. Donec odio justo, sollicitudin ut, suscipit a, feugiat et, eros.",high,Truck
559,inactive,8/6/2020,10/3/2021,a8330bf9-2af4-43e3-848f-3599196a659e,"Maecenas leo odio, condimentum id, luctus nec, molestie sed, justo. Pellentesque viverra pede ac diam. Cras pellentesque volutpat dui.",medium,Economical
560,inactive,6/17/2021,2/18/2020,ca2fb7a5-dda0-4383-9dcb-25c415285b08,"Proin interdum mauris non ligula pellentesque ultrices. Phasellus id sapien in sapien iaculis congue. Vivamus metus arcu, adipiscing molestie, hendrerit at, vulputate vitae, nisl.",medium,Truck
561,inactive,3/7/2021,4/13/2021,be05151f-c63f-4238-95fb-7018ee4596f3,"Maecenas leo odio, condimentum id, luctus nec, molestie sed, justo. Pellentesque viverra pede ac diam. Cras pellentesque volutpat dui.",low,Economical
562,pending,11/26/2021,3/12/2021,becd4dd7-8b97-402e-b171-ceddb87e1868,"Maecenas leo odio, condimentum id, luctus nec, molestie sed, justo. Pellentesque viverra pede ac diam. Cras pellentesque volutpat dui.",medium,Luxury
563,retired,10/16/2021,1/3/2020,60702409-e82c-4e50-a953-500f0f1475a8,"Proin leo odio, porttitor id, consequat in, consequat ut, nulla. Sed accumsan felis. Ut at dolor quis odio consequat varius.",medium,Luxury
564,retired,5/14/2021,3/21/2020,49e8c9b5-b0e2-4c66-aba6-9c4803199b19,"Morbi porttitor lorem id ligula. Suspendisse ornare consequat lectus. In est risus, auctor sed, tristique in, tempus sit amet, sem.",low,Van
565,inactive,1/7/2021,6/11/2020,9350fd64-6bc9-4718-94f5-274682dfcced,"Maecenas tristique, est et tempus semper, est quam pharetra magna, ac consequat metus sapien ut nunc. Vestibulum ante ipsum primis in faucibus orci luctus et ultrices posuere cubilia Curae; Mauris viverra diam vitae quam. Suspendisse potenti.",high,Extra Large
566,pending,9/5/2021,9/13/2021,919fe78a-9ae2-44d9-902f-0f938ce555b9,Sed ante. Vivamus tortor. Duis mattis egestas metus.,high,Luxury
567,pending,12/16/2021,5/29/2021,85a99297-0432-4778-b418-3074f4b258b2,"Vestibulum quam sapien, varius ut, blandit non, interdum in, ante. Vestibulum ante ipsum primis in faucibus orci luctus et ultrices posuere cubilia Curae; Duis faucibus accumsan odio. Curabitur convallis.",high,Economical
568,active,10/14/2020,6/7/2020,f55ab95d-c1c3-4e0b-877a-60c3d9ebcc5a,Aenean lectus. Pellentesque eget nunc. Donec quis orci eget orci vehicula condimentum.,medium,Economical
569,inactive,5/25/2021,11/1/2020,33ccc435-de22-4fff-83bc-1eac84cd8e0e,In congue. Etiam justo. Etiam pretium iaculis justo.,high,Sport
570,retired,5/2/2021,6/23/2020,79aa86f6-c106-429d-996f-c01ddbf87eff,Aenean lectus. Pellentesque eget nunc. Donec quis orci eget orci vehicula condimentum.,high,Extra Large
571,pending,6/10/2021,6/30/2020,6577fdef-e8bf-4dd7-8508-6b138f6e561c,Maecenas ut massa quis augue luctus tincidunt. Nulla mollis molestie lorem. Quisque ut erat.,medium,Luxury
572,inactive,4/16/2021,2/22/2021,2a93bfff-8374-4ab6-8b00-0e78a08a0344,"Proin interdum mauris non ligula pellentesque ultrices. Phasellus id sapien in sapien iaculis congue. Vivamus metus arcu, adipiscing molestie, hendrerit at, vulputate vitae, nisl.",low,Economical
573,active,11/5/2020,3/31/2021,1f3f53fe-13db-4e52-b984-6c7eb0b67029,Maecenas ut massa quis augue luctus tincidunt. Nulla mollis molestie lorem. Quisque ut erat.,medium,Van
574,retired,12/17/2020,12/22/2021,7e2845fd-59cc-4350-be8d-88b92f210e5b,Integer ac leo. Pellentesque ultrices mattis odio. Donec vitae nisi.,low,Truck
575,inactive,3/27/2020,5/11/2021,5f93faa5-5beb-4765-bd5b-71fcc621a1d6,Phasellus sit amet erat. Nulla tempus. Vivamus in felis eu sapien cursus vestibulum.,low,Sport
576,pending,8/5/2020,9/8/2021,988e247e-bdaf-4bed-9531-cf17d244a843,Nulla ut erat id mauris vulputate elementum. Nullam varius. Nulla facilisi.,high,Truck
577,retired,11/27/2021,5/21/2021,369218bb-ab87-481e-b754-b3032d199e5e,"Morbi porttitor lorem id ligula. Suspendisse ornare consequat lectus. In est risus, auctor sed, tristique in, tempus sit amet, sem.",high,Truck
578,active,12/21/2020,10/23/2020,c439c8be-a1b5-4f5b-bcdb-705d3ba696b7,Aliquam quis turpis eget elit sodales scelerisque. Mauris sit amet eros. Suspendisse accumsan tortor quis turpis.,high,Extra Large
579,retired,5/13/2020,2/25/2021,e4254d35-3402-47e5-9223-4fa873e62c85,Cras non velit nec nisi vulputate nonummy. Maecenas tincidunt lacus at velit. Vivamus vel nulla eget eros elementum pellentesque.,high,Van
580,inactive,1/15/2020,4/22/2020,45944e69-3791-4de8-bc8c-d2b7a43ad04b,"Curabitur gravida nisi at nibh. In hac habitasse platea dictumst. Aliquam augue quam, sollicitudin vitae, consectetuer eget, rutrum at, lorem.",low,Economical
581,retired,9/16/2021,10/13/2021,701f4285-cce9-4202-bc11-aacf15f8bdad,Nulla ut erat id mauris vulputate elementum. Nullam varius. Nulla facilisi.,low,Sport
582,inactive,12/17/2021,6/2/2020,627d03a2-ee7f-4353-99ea-9e7c2c48790a,"Aenean fermentum. Donec ut mauris eget massa tempor convallis. Nulla neque libero, convallis eget, eleifend luctus, ultricies eu, nibh.",medium,Luxury
583,inactive,8/25/2020,5/10/2020,ee0c01f2-16b6-43fb-897e-55a459d95dd0,"In sagittis dui vel nisl. Duis ac nibh. Fusce lacus purus, aliquet at, feugiat non, pretium quis, lectus.",medium,Sport
584,inactive,1/10/2020,7/9/2021,b7639722-779e-4cb1-aa1b-7dfdd5d19ac9,"Fusce posuere felis sed lacus. Morbi sem mauris, laoreet ut, rhoncus aliquet, pulvinar sed, nisl. Nunc rhoncus dui vel sem.",low,Economical
585,pending,5/31/2021,11/9/2020,6ebf1a5a-f73d-458a-850f-471eae6e425b,Praesent id massa id nisl venenatis lacinia. Aenean sit amet justo. Morbi ut odio.,high,Extra Large
586,retired,12/22/2020,3/28/2020,33f7c637-ecb0-4659-8780-ff007468c7f2,Nullam sit amet turpis elementum ligula vehicula consequat. Morbi a ipsum. Integer a nibh.,high,Van
587,active,10/5/2020,2/27/2021,f679d8e0-0aa6-4d0f-b4c9-c67082987705,Phasellus sit amet erat. Nulla tempus. Vivamus in felis eu sapien cursus vestibulum.,high,Luxury
588,active,6/12/2020,11/4/2020,c5897de1-ed97-4b5a-9851-541c70427417,"Duis bibendum, felis sed interdum venenatis, turpis enim blandit mi, in porttitor pede justo eu massa. Donec dapibus. Duis at velit eu est congue elementum.",low,Truck
589,retired,5/30/2020,12/26/2020,9f7eb86e-6794-4110-9462-1e73b0c82320,Maecenas ut massa quis augue luctus tincidunt. Nulla mollis molestie lorem. Quisque ut erat.,medium,Extra Large
590,active,2/29/2020,5/13/2021,8688cc63-ccaf-43ef-b8c5-52ddbdf76081,"Morbi non lectus. Aliquam sit amet diam in magna bibendum imperdiet. Nullam orci pede, venenatis non, sodales sed, tincidunt eu, felis.",high,Truck
591,inactive,8/13/2020,9/18/2020,9e4a8232-a1e5-4306-a1a7-475787c5e913,Cras non velit nec nisi vulputate nonummy. Maecenas tincidunt lacus at velit. Vivamus vel nulla eget eros elementum pellentesque.,medium,Van
592,pending,2/10/2020,5/28/2020,a0e8c335-ee4b-47ec-85ba-0566027e9924,"Vestibulum ac est lacinia nisi venenatis tristique. Fusce congue, diam id ornare imperdiet, sapien urna pretium nisl, ut volutpat sapien arcu sed augue. Aliquam erat volutpat.",low,Sport
593,pending,4/29/2020,9/4/2020,d76188e7-da46-4623-8db6-82026b2a7894,Duis consequat dui nec nisi volutpat eleifend. Donec ut dolor. Morbi vel lectus in quam fringilla rhoncus.,high,Economical
594,active,11/22/2020,12/4/2021,a1179adf-4a2a-41c8-99c3-928b78449aa1,Phasellus sit amet erat. Nulla tempus. Vivamus in felis eu sapien cursus vestibulum.,low,Truck
595,pending,6/8/2021,7/3/2021,7111c65e-3e59-4176-896b-245d8ff1b6a4,Duis consequat dui nec nisi volutpat eleifend. Donec ut dolor. Morbi vel lectus in quam fringilla rhoncus.,high,Van
596,pending,1/1/2021,1/3/2021,286cab19-1722-4c48-a4a5-9b932fab0801,Integer tincidunt ante vel ipsum. Praesent blandit lacinia erat. Vestibulum sed magna at nunc commodo placerat.,medium,Economical
597,retired,7/23/2021,5/28/2021,4f6ae735-48e9-401f-930a-8374d475e821,Duis aliquam convallis nunc. Proin at turpis a pede posuere nonummy. Integer non velit.,medium,Luxury
598,pending,3/26/2021,7/3/2020,7edf0335-eda5-40ef-bcdd-00030c7a8fec,"Maecenas leo odio, condimentum id, luctus nec, molestie sed, justo. Pellentesque viverra pede ac diam. Cras pellentesque volutpat dui.",low,Luxury
599,pending,7/4/2021,1/8/2021,4e0a322b-4d8a-4619-b645-ff0105bdaf95,In hac habitasse platea dictumst. Etiam faucibus cursus urna. Ut tellus.,medium,Sport
600,pending,2/23/2021,12/14/2020,bac1e6b2-437b-4454-b6c6-147568228e0d,Nulla ut erat id mauris vulputate elementum. Nullam varius. Nulla facilisi.,high,Van
601,active,2/18/2020,5/19/2021,f1fdb71a-2d11-4331-aca1-6bf4b0f8320d,Praesent id massa id nisl venenatis lacinia. Aenean sit amet justo. Morbi ut odio.,medium,Extra Large
602,inactive,2/28/2020,11/29/2020,9f03403a-7776-447e-ab7e-98095628ae5b,"Vestibulum quam sapien, varius ut, blandit non, interdum in, ante. Vestibulum ante ipsum primis in faucibus orci luctus et ultrices posuere cubilia Curae; Duis faucibus accumsan odio. Curabitur convallis.",medium,Truck
603,retired,5/1/2020,8/14/2020,646ac4ae-1df8-472c-8d93-5339014af0a8,"Maecenas tristique, est et tempus semper, est quam pharetra magna, ac consequat metus sapien ut nunc. Vestibulum ante ipsum primis in faucibus orci luctus et ultrices posuere cubilia Curae; Mauris viverra diam vitae quam. Suspendisse potenti.",medium,Sport
604,retired,8/5/2020,1/5/2021,f0bab8c6-465e-466d-bdc7-be1413cce527,In hac habitasse platea dictumst. Etiam faucibus cursus urna. Ut tellus.,high,Extra Large
605,retired,2/14/2020,1/17/2021,02bd415a-96a1-413a-b273-903c4c08be8e,Nulla ut erat id mauris vulputate elementum. Nullam varius. Nulla facilisi.,medium,Van
606,retired,12/12/2020,8/3/2021,3ffbc11b-1cae-4126-a191-821d27340bb3,Integer ac leo. Pellentesque ultrices mattis odio. Donec vitae nisi.,high,Truck
607,pending,9/5/2021,10/24/2020,f3378196-072c-4076-9bb9-6105880aec8c,"Mauris enim leo, rhoncus sed, vestibulum sit amet, cursus id, turpis. Integer aliquet, massa id lobortis convallis, tortor risus dapibus augue, vel accumsan tellus nisi eu orci. Mauris lacinia sapien quis libero.",medium,Truck
608,active,9/19/2021,3/30/2020,4aacc492-ac8a-4667-b930-8804f65fb76f,Integer ac leo. Pellentesque ultrices mattis odio. Donec vitae nisi.,high,Truck
609,inactive,3/21/2020,3/8/2021,9244dad3-35c4-4611-aee2-f8fe4ce911c8,In congue. Etiam justo. Etiam pretium iaculis justo.,low,Sport
610,inactive,11/4/2021,6/24/2021,4a14ed23-b649-46d8-92cd-bb2d37412b6c,"Sed sagittis. Nam congue, risus semper porta volutpat, quam pede lobortis ligula, sit amet eleifend pede libero quis orci. Nullam molestie nibh in lectus.",high,Extra Large
611,pending,8/27/2021,7/26/2020,34384cdd-c24f-4095-ba9b-5508c7aba7f9,"Quisque id justo sit amet sapien dignissim vestibulum. Vestibulum ante ipsum primis in faucibus orci luctus et ultrices posuere cubilia Curae; Nulla dapibus dolor vel est. Donec odio justo, sollicitudin ut, suscipit a, feugiat et, eros.",high,Van
612,pending,12/11/2020,7/2/2020,5a90f29b-f3ae-486d-a2f0-6824e227c5be,"Proin eu mi. Nulla ac enim. In tempor, turpis nec euismod scelerisque, quam turpis adipiscing lorem, vitae mattis nibh ligula nec sem.",high,Sport
613,pending,3/20/2021,7/4/2021,230ea894-9312-4f6b-bd5e-2d9981f3db58,Integer tincidunt ante vel ipsum. Praesent blandit lacinia erat. Vestibulum sed magna at nunc commodo placerat.,low,Van
614,inactive,10/27/2021,6/29/2021,feda871b-f79c-4163-be2f-f050adecd706,Phasellus sit amet erat. Nulla tempus. Vivamus in felis eu sapien cursus vestibulum.,medium,Luxury
615,active,12/29/2020,2/2/2021,f30cc94f-2a90-40fd-8728-8254424704d2,"Quisque porta volutpat erat. Quisque erat eros, viverra eget, congue eget, semper rutrum, nulla. Nunc purus.",high,Van
616,retired,2/14/2021,3/3/2021,b31bb6fd-a79a-4e52-8d97-f3537c6d3ea2,Duis bibendum. Morbi non quam nec dui luctus rutrum. Nulla tellus.,high,Truck
617,inactive,6/22/2020,1/27/2021,6f6a75fd-84cb-44b9-9161-d0c301dcc68b,In congue. Etiam justo. Etiam pretium iaculis justo.,medium,Truck
618,active,1/31/2021,3/13/2021,be73e23a-5c63-4bcf-8ddf-2b9033d0ec98,"In sagittis dui vel nisl. Duis ac nibh. Fusce lacus purus, aliquet at, feugiat non, pretium quis, lectus.",medium,Economical
619,active,6/6/2021,1/30/2021,100bdc8e-feab-47b0-a607-8d87fe391d75,Aliquam quis turpis eget elit sodales scelerisque. Mauris sit amet eros. Suspendisse accumsan tortor quis turpis.,high,Luxury
620,pending,2/17/2020,12/18/2021,e944d85f-f675-418c-be63-92bf81a9f300,Integer ac leo. Pellentesque ultrices mattis odio. Donec vitae nisi.,low,Extra Large
621,inactive,11/4/2021,8/5/2020,7a6c3914-6ddd-4ac3-afd7-158a78a994b7,Fusce consequat. Nulla nisl. Nunc nisl.,low,Van
622,inactive,9/21/2020,9/18/2020,10075933-9953-4259-9eb4-398f63cc35ee,"Proin interdum mauris non ligula pellentesque ultrices. Phasellus id sapien in sapien iaculis congue. Vivamus metus arcu, adipiscing molestie, hendrerit at, vulputate vitae, nisl.",medium,Truck
623,inactive,5/29/2020,4/18/2020,99a2a310-283d-47a5-999f-4b8f5d5c6a93,"Duis bibendum, felis sed interdum venenatis, turpis enim blandit mi, in porttitor pede justo eu massa. Donec dapibus. Duis at velit eu est congue elementum.",medium,Sport
624,active,4/25/2020,11/25/2020,b884d2c5-dfc0-45b9-a435-0a8930a7b407,"In sagittis dui vel nisl. Duis ac nibh. Fusce lacus purus, aliquet at, feugiat non, pretium quis, lectus.",medium,Sport
625,retired,5/27/2020,5/3/2021,348b779d-f37f-43b3-8f1f-40b30e3099ec,"Nam ultrices, libero non mattis pulvinar, nulla pede ullamcorper augue, a suscipit nulla elit ac nulla. Sed vel enim sit amet nunc viverra dapibus. Nulla suscipit ligula in lacus.",high,Luxury
626,pending,1/18/2021,3/28/2021,aee4b2c1-06e0-48dd-846f-f3040ea2f63d,Aenean lectus. Pellentesque eget nunc. Donec quis orci eget orci vehicula condimentum.,high,Luxury
627,inactive,7/14/2020,7/4/2020,291cf00b-a992-4977-8b46-09e49d100c03,"Maecenas leo odio, condimentum id, luctus nec, molestie sed, justo. Pellentesque viverra pede ac diam. Cras pellentesque volutpat dui.",high,Truck
628,inactive,6/18/2020,10/28/2020,7aff342a-4d15-4b98-ab13-a5642feb6c05,"Duis bibendum, felis sed interdum venenatis, turpis enim blandit mi, in porttitor pede justo eu massa. Donec dapibus. Duis at velit eu est congue elementum.",low,Extra Large
629,active,11/19/2020,2/15/2021,ef922f06-bb4e-41bb-a908-c41a7c7ad8ca,Fusce consequat. Nulla nisl. Nunc nisl.,medium,Sport
630,active,7/4/2020,8/28/2021,f6aa6255-34aa-4338-bce0-b02fbd5aeafe,"Quisque porta volutpat erat. Quisque erat eros, viverra eget, congue eget, semper rutrum, nulla. Nunc purus.",high,Truck
631,inactive,1/2/2020,6/26/2021,d33c310a-f914-48ee-a8b1-2c91ea0e17f3,"Curabitur at ipsum ac tellus semper interdum. Mauris ullamcorper purus sit amet nulla. Quisque arcu libero, rutrum ac, lobortis vel, dapibus at, diam.",high,Van
632,pending,5/26/2020,2/2/2020,8c0daedc-43ba-4989-9547-fe68aad270fd,Etiam vel augue. Vestibulum rutrum rutrum neque. Aenean auctor gravida sem.,medium,Luxury
633,retired,1/9/2021,3/16/2020,2709f7f7-9f7d-4d00-a633-0ec5b920e384,"Quisque id justo sit amet sapien dignissim vestibulum. Vestibulum ante ipsum primis in faucibus orci luctus et ultrices posuere cubilia Curae; Nulla dapibus dolor vel est. Donec odio justo, sollicitudin ut, suscipit a, feugiat et, eros.",high,Luxury
634,retired,10/3/2021,9/23/2020,15215a45-6686-4f01-bcfa-e023bc6a3c2a,"Curabitur at ipsum ac tellus semper interdum. Mauris ullamcorper purus sit amet nulla. Quisque arcu libero, rutrum ac, lobortis vel, dapibus at, diam.",high,Economical
635,pending,8/24/2020,12/22/2021,e141cea1-ae6c-4baf-9743-63596c2ff902,"Curabitur gravida nisi at nibh. In hac habitasse platea dictumst. Aliquam augue quam, sollicitudin vitae, consectetuer eget, rutrum at, lorem.",low,Van
636,inactive,4/1/2021,11/22/2020,a83ce65b-10ee-41aa-b65a-ce9fb2519823,"Sed sagittis. Nam congue, risus semper porta volutpat, quam pede lobortis ligula, sit amet eleifend pede libero quis orci. Nullam molestie nibh in lectus.",low,Extra Large
637,active,11/1/2021,6/20/2021,e27a62b9-3f75-4527-be51-b25d01745586,"Fusce posuere felis sed lacus. Morbi sem mauris, laoreet ut, rhoncus aliquet, pulvinar sed, nisl. Nunc rhoncus dui vel sem.",low,Sport
638,active,11/6/2021,5/7/2021,94e10c9a-7f9b-44af-9c68-5afd411fbf93,"In sagittis dui vel nisl. Duis ac nibh. Fusce lacus purus, aliquet at, feugiat non, pretium quis, lectus.",medium,Truck
639,active,2/4/2021,2/19/2020,0ccf96c1-22b1-4f5f-9ccf-20e5cce1eb97,Fusce consequat. Nulla nisl. Nunc nisl.,low,Extra Large
640,pending,8/29/2021,10/5/2021,931331da-d8b0-4000-b86e-eb76f4863c38,Nullam sit amet turpis elementum ligula vehicula consequat. Morbi a ipsum. Integer a nibh.,medium,Van
641,active,4/13/2020,8/23/2020,32e1d2ac-fef9-40ff-992d-4d4446af17e3,Duis consequat dui nec nisi volutpat eleifend. Donec ut dolor. Morbi vel lectus in quam fringilla rhoncus.,high,Van
642,inactive,8/20/2020,2/17/2021,f8839a10-957d-4c3e-bb37-045222745127,"Morbi porttitor lorem id ligula. Suspendisse ornare consequat lectus. In est risus, auctor sed, tristique in, tempus sit amet, sem.",medium,Luxury
643,active,6/23/2020,4/9/2020,ab8b402e-bac5-4064-91ba-d94c89f4ab21,Maecenas ut massa quis augue luctus tincidunt. Nulla mollis molestie lorem. Quisque ut erat.,medium,Truck
644,retired,4/22/2020,9/23/2021,4ded4ce6-c52c-47d7-af78-7f0b65b91922,Etiam vel augue. Vestibulum rutrum rutrum neque. Aenean auctor gravida sem.,low,Economical
645,retired,7/19/2020,7/4/2020,ec33f475-dba0-430b-91fc-a081b54d9588,"Quisque porta volutpat erat. Quisque erat eros, viverra eget, congue eget, semper rutrum, nulla. Nunc purus.",medium,Economical
646,pending,10/1/2021,12/25/2020,874c793b-4500-4cc0-a54a-11805faf7396,"Morbi non lectus. Aliquam sit amet diam in magna bibendum imperdiet. Nullam orci pede, venenatis non, sodales sed, tincidunt eu, felis.",high,Luxury
647,inactive,7/25/2020,8/1/2020,56b86516-1ffe-4526-82d8-ebe37d5f417c,"Morbi non lectus. Aliquam sit amet diam in magna bibendum imperdiet. Nullam orci pede, venenatis non, sodales sed, tincidunt eu, felis.",high,Economical
648,pending,9/27/2021,5/18/2020,82e7fc7d-12f7-41b3-b109-362ee2935348,Aliquam quis turpis eget elit sodales scelerisque. Mauris sit amet eros. Suspendisse accumsan tortor quis turpis.,high,Van
649,retired,10/20/2021,4/26/2020,0228b400-8389-4888-bfb8-e239a68828b1,Nulla ut erat id mauris vulputate elementum. Nullam varius. Nulla facilisi.,high,Van
650,inactive,8/15/2021,5/11/2021,c1c25e36-9a0b-4c9c-8c2d-4d72cbac213c,"Nam ultrices, libero non mattis pulvinar, nulla pede ullamcorper augue, a suscipit nulla elit ac nulla. Sed vel enim sit amet nunc viverra dapibus. Nulla suscipit ligula in lacus.",low,Truck
651,inactive,10/26/2021,2/27/2020,d794b710-9431-4044-97f7-fc02a4f44ae3,"Sed sagittis. Nam congue, risus semper porta volutpat, quam pede lobortis ligula, sit amet eleifend pede libero quis orci. Nullam molestie nibh in lectus.",high,Sport
652,active,6/8/2020,7/9/2020,f7d92c80-195d-4284-b606-25a59da37062,Etiam vel augue. Vestibulum rutrum rutrum neque. Aenean auctor gravida sem.,high,Van
653,retired,1/14/2021,12/13/2021,093bf319-5b6f-4d48-90d5-96171c8802e7,"Vestibulum quam sapien, varius ut, blandit non, interdum in, ante. Vestibulum ante ipsum primis in faucibus orci luctus et ultrices posuere cubilia Curae; Duis faucibus accumsan odio. Curabitur convallis.",high,Extra Large
654,retired,1/12/2020,7/14/2021,ca2aad33-1e94-45df-b9ed-ae67e592da29,"Praesent blandit. Nam nulla. Integer pede justo, lacinia eget, tincidunt eget, tempus vel, pede.",high,Truck
655,inactive,12/7/2020,4/12/2020,77a5074e-f6d0-41e7-8ff8-d2315ff7029a,Nullam sit amet turpis elementum ligula vehicula consequat. Morbi a ipsum. Integer a nibh.,low,Van
656,inactive,12/24/2020,9/30/2020,e90bfc1f-4c81-442b-b5dc-7c51e58c26a5,Etiam vel augue. Vestibulum rutrum rutrum neque. Aenean auctor gravida sem.,medium,Extra Large
657,active,8/21/2021,8/13/2021,a718adc7-5810-491c-a48a-bc5f3ab1731e,"Donec diam neque, vestibulum eget, vulputate ut, ultrices vel, augue. Vestibulum ante ipsum primis in faucibus orci luctus et ultrices posuere cubilia Curae; Donec pharetra, magna vestibulum aliquet ultrices, erat tortor sollicitudin mi, sit amet lobortis sapien sapien non mi. Integer ac neque.",low,Economical
658,active,5/12/2020,6/25/2020,190d78d9-3bc0-4a72-ac5f-e3b218b81707,Fusce consequat. Nulla nisl. Nunc nisl.,medium,Extra Large
659,active,6/17/2020,11/25/2021,ab61f7e0-c5f1-41f5-bfc4-f6f1050640d2,Aliquam quis turpis eget elit sodales scelerisque. Mauris sit amet eros. Suspendisse accumsan tortor quis turpis.,high,Van
660,pending,8/1/2021,4/11/2021,1ff66c31-44bd-48a3-b5c4-8953c0b4434c,Aenean lectus. Pellentesque eget nunc. Donec quis orci eget orci vehicula condimentum.,high,Economical
661,active,6/30/2021,1/16/2020,21d20088-e05e-42ea-a4d7-27e2673a46a1,Praesent id massa id nisl venenatis lacinia. Aenean sit amet justo. Morbi ut odio.,low,Extra Large
662,pending,9/18/2020,1/26/2021,6f446cc4-8453-4ff2-b7dc-03557680a060,Cras non velit nec nisi vulputate nonummy. Maecenas tincidunt lacus at velit. Vivamus vel nulla eget eros elementum pellentesque.,low,Sport
663,inactive,5/16/2021,6/1/2020,f07d588a-c263-44ea-9dea-fb627e23b493,"In sagittis dui vel nisl. Duis ac nibh. Fusce lacus purus, aliquet at, feugiat non, pretium quis, lectus.",high,Truck
664,pending,5/20/2021,11/21/2021,e106562c-6f3c-41cf-87e9-f616264e9e83,"Aenean fermentum. Donec ut mauris eget massa tempor convallis. Nulla neque libero, convallis eget, eleifend luctus, ultricies eu, nibh.",high,Van
665,retired,8/26/2021,5/9/2020,35b501dd-b75c-48b5-9764-2906c8585258,Cras non velit nec nisi vulputate nonummy. Maecenas tincidunt lacus at velit. Vivamus vel nulla eget eros elementum pellentesque.,low,Sport
666,active,11/7/2021,10/29/2020,39f2af11-22ad-4084-8f7f-f95a5fe8fecc,Integer tincidunt ante vel ipsum. Praesent blandit lacinia erat. Vestibulum sed magna at nunc commodo placerat.,low,Truck
667,pending,5/15/2020,4/3/2021,5c2e3583-6723-4b12-ba1e-1b9b16c50dc4,"In sagittis dui vel nisl. Duis ac nibh. Fusce lacus purus, aliquet at, feugiat non, pretium quis, lectus.",medium,Economical
668,active,3/27/2020,2/29/2020,7e26e08e-3806-4b7f-bce2-5d7f2f9bea03,Aenean lectus. Pellentesque eget nunc. Donec quis orci eget orci vehicula condimentum.,high,Truck
669,retired,3/7/2020,1/30/2021,abbb3dd7-81ac-45e0-93c5-e5e3d01b073b,Aenean lectus. Pellentesque eget nunc. Donec quis orci eget orci vehicula condimentum.,high,Sport
670,retired,10/21/2021,6/11/2021,a77431ae-db97-4f30-a298-c1afe5568a3c,"Maecenas tristique, est et tempus semper, est quam pharetra magna, ac consequat metus sapien ut nunc. Vestibulum ante ipsum primis in faucibus orci luctus et ultrices posuere cubilia Curae; Mauris viverra diam vitae quam. Suspendisse potenti.",low,Economical
671,retired,10/22/2020,9/14/2021,03dd42cb-0333-4889-8904-05e28127a101,"Lorem ipsum dolor sit amet, consectetuer adipiscing elit. Proin risus. Praesent lectus.",high,Sport
672,inactive,9/20/2021,2/28/2021,2c8df3b4-a07b-483f-ad82-093b460512c2,"Donec diam neque, vestibulum eget, vulputate ut, ultrices vel, augue. Vestibulum ante ipsum primis in faucibus orci luctus et ultrices posuere cubilia Curae; Donec pharetra, magna vestibulum aliquet ultrices, erat tortor sollicitudin mi, sit amet lobortis sapien sapien non mi. Integer ac neque.",medium,Van
673,inactive,6/21/2021,12/6/2021,1dce6b9d-e3a9-4ef1-bc31-2c00f94bf335,"Vestibulum ac est lacinia nisi venenatis tristique. Fusce congue, diam id ornare imperdiet, sapien urna pretium nisl, ut volutpat sapien arcu sed augue. Aliquam erat volutpat.",high,Luxury
674,active,8/4/2021,9/23/2020,5355a15a-8201-425f-8f0d-39ec94e0b03d,"Vestibulum quam sapien, varius ut, blandit non, interdum in, ante. Vestibulum ante ipsum primis in faucibus orci luctus et ultrices posuere cubilia Curae; Duis faucibus accumsan odio. Curabitur convallis.",high,Van
675,active,5/25/2021,12/12/2020,cd350234-7d1c-48fa-9570-982185000fb1,"Proin eu mi. Nulla ac enim. In tempor, turpis nec euismod scelerisque, quam turpis adipiscing lorem, vitae mattis nibh ligula nec sem.",medium,Economical
676,active,9/30/2020,2/21/2021,83dc5778-c0f4-492f-85ff-8735bd1efe41,Maecenas ut massa quis augue luctus tincidunt. Nulla mollis molestie lorem. Quisque ut erat.,low,Sport
677,pending,11/15/2020,8/27/2021,c57c957f-b90f-4d05-aeb5-1cb4916f0d54,"Curabitur gravida nisi at nibh. In hac habitasse platea dictumst. Aliquam augue quam, sollicitudin vitae, consectetuer eget, rutrum at, lorem.",low,Van
678,pending,4/30/2020,8/26/2020,9f1ccd41-507d-4a50-9920-6d6af7a3f35e,"Fusce posuere felis sed lacus. Morbi sem mauris, laoreet ut, rhoncus aliquet, pulvinar sed, nisl. Nunc rhoncus dui vel sem.",medium,Sport
679,inactive,8/26/2021,7/4/2020,39e3734c-9f3c-4d33-b8b1-2861c4feb6cf,"Curabitur gravida nisi at nibh. In hac habitasse platea dictumst. Aliquam augue quam, sollicitudin vitae, consectetuer eget, rutrum at, lorem.",low,Economical
680,inactive,9/26/2021,5/24/2021,456db6fb-eddc-477d-ad4b-0ecd95eb1640,Aenean lectus. Pellentesque eget nunc. Donec quis orci eget orci vehicula condimentum.,high,Economical
681,pending,12/26/2021,8/18/2020,6275d0c4-caa1-4819-8523-98525af34fd9,In congue. Etiam justo. Etiam pretium iaculis justo.,high,Van
682,inactive,5/9/2020,3/1/2020,2571f3f4-2ed0-4583-8432-66a9915f4631,"Curabitur gravida nisi at nibh. In hac habitasse platea dictumst. Aliquam augue quam, sollicitudin vitae, consectetuer eget, rutrum at, lorem.",high,Economical
683,active,1/29/2020,2/8/2021,ff2b18b9-85ef-4a70-8a35-426a36e5c98f,"Quisque id justo sit amet sapien dignissim vestibulum. Vestibulum ante ipsum primis in faucibus orci luctus et ultrices posuere cubilia Curae; Nulla dapibus dolor vel est. Donec odio justo, sollicitudin ut, suscipit a, feugiat et, eros.",low,Luxury
684,active,5/7/2020,2/4/2020,639f5ec9-7782-4e72-b8f4-b6f6563d4984,Sed ante. Vivamus tortor. Duis mattis egestas metus.,low,Van
685,inactive,8/2/2021,10/30/2020,6548c77c-5ae0-47ac-8812-c50b89bf2262,Cras non velit nec nisi vulputate nonummy. Maecenas tincidunt lacus at velit. Vivamus vel nulla eget eros elementum pellentesque.,low,Truck
686,active,1/28/2020,5/12/2021,081f59a4-50ca-46c7-8164-c3452d341a53,Praesent id massa id nisl venenatis lacinia. Aenean sit amet justo. Morbi ut odio.,medium,Luxury
687,active,12/23/2021,12/31/2020,e95e5428-b8f2-4bc6-8df4-86da06cd5c54,"In hac habitasse platea dictumst. Morbi vestibulum, velit id pretium iaculis, diam erat fermentum justo, nec condimentum neque sapien placerat ante. Nulla justo.",medium,Economical
688,pending,10/2/2020,11/3/2021,68482965-3f37-4b5e-a9db-9a05b30f869e,In hac habitasse platea dictumst. Etiam faucibus cursus urna. Ut tellus.,medium,Van
689,pending,11/8/2020,5/29/2020,4275759f-3c17-4985-9022-8450815751af,Etiam vel augue. Vestibulum rutrum rutrum neque. Aenean auctor gravida sem.,low,Economical
690,inactive,11/28/2020,6/23/2021,4b083cce-b3e2-4de3-8dd2-26b1b886658c,In congue. Etiam justo. Etiam pretium iaculis justo.,medium,Sport
691,inactive,7/7/2020,1/18/2020,3ab72962-404f-4000-b733-6036f967eb21,"Curabitur in libero ut massa volutpat convallis. Morbi odio odio, elementum eu, interdum eu, tincidunt in, leo. Maecenas pulvinar lobortis est.",low,Van
692,active,5/10/2021,11/19/2021,62fec3da-760b-4df4-a3b7-53f4aa5e1ce5,"Donec diam neque, vestibulum eget, vulputate ut, ultrices vel, augue. Vestibulum ante ipsum primis in faucibus orci luctus et ultrices posuere cubilia Curae; Donec pharetra, magna vestibulum aliquet ultrices, erat tortor sollicitudin mi, sit amet lobortis sapien sapien non mi. Integer ac neque.",low,Luxury
693,retired,8/4/2020,6/13/2021,1a5c4e7b-0831-4a43-9b74-709d60955c6e,"Quisque porta volutpat erat. Quisque erat eros, viverra eget, congue eget, semper rutrum, nulla. Nunc purus.",medium,Truck
694,pending,6/17/2020,8/28/2020,65c6aefd-8b76-402e-b0ea-ced8872113b2,Sed ante. Vivamus tortor. Duis mattis egestas metus.,medium,Luxury
695,inactive,9/10/2021,1/5/2020,a27e7ee2-6807-4444-b406-a4bca1ea0a2e,"Maecenas leo odio, condimentum id, luctus nec, molestie sed, justo. Pellentesque viverra pede ac diam. Cras pellentesque volutpat dui.",low,Truck
696,pending,2/3/2020,1/16/2021,d2cddecd-fa72-44be-89ec-3f7909614bb5,Fusce consequat. Nulla nisl. Nunc nisl.,high,Luxury
697,pending,10/27/2021,1/20/2020,20426f2b-777f-4fa5-84f1-d14a8d78dbe4,Nullam sit amet turpis elementum ligula vehicula consequat. Morbi a ipsum. Integer a nibh.,medium,Van
698,inactive,6/19/2021,12/21/2021,47815eb9-9b2a-4a60-8121-50dd72bdf1a8,"In hac habitasse platea dictumst. Morbi vestibulum, velit id pretium iaculis, diam erat fermentum justo, nec condimentum neque sapien placerat ante. Nulla justo.",low,Van
699,inactive,4/10/2020,1/4/2020,bd6bf152-d276-4f78-8a99-6edd6f4daf55,"Maecenas leo odio, condimentum id, luctus nec, molestie sed, justo. Pellentesque viverra pede ac diam. Cras pellentesque volutpat dui.",low,Sport
700,pending,6/7/2020,2/7/2021,8c32dc32-2088-4e29-bc1d-bb770cf9074d,Cras non velit nec nisi vulputate nonummy. Maecenas tincidunt lacus at velit. Vivamus vel nulla eget eros elementum pellentesque.,low,Truck
701,inactive,9/19/2021,9/26/2021,a77f53ea-d169-4b59-b6e5-8b838d923df5,"Curabitur gravida nisi at nibh. In hac habitasse platea dictumst. Aliquam augue quam, sollicitudin vitae, consectetuer eget, rutrum at, lorem.",medium,Economical
702,retired,1/19/2021,6/22/2020,bc0beb26-6f96-4dcd-9c57-b9b65d4400e9,"Fusce posuere felis sed lacus. Morbi sem mauris, laoreet ut, rhoncus aliquet, pulvinar sed, nisl. Nunc rhoncus dui vel sem.",high,Sport
703,active,8/8/2020,9/28/2021,2c4a9cbc-b8f5-4b0d-a61b-c8479966c4dd,"Proin eu mi. Nulla ac enim. In tempor, turpis nec euismod scelerisque, quam turpis adipiscing lorem, vitae mattis nibh ligula nec sem.",medium,Van
704,active,10/6/2021,5/23/2021,29ce2139-f298-4627-b79f-7bfeeeccbdb4,"Duis bibendum, felis sed interdum venenatis, turpis enim blandit mi, in porttitor pede justo eu massa. Donec dapibus. Duis at velit eu est congue elementum.",low,Luxury
705,active,8/29/2021,1/17/2021,46fbc948-b803-4200-8a6a-9679ea19ee06,"Proin eu mi. Nulla ac enim. In tempor, turpis nec euismod scelerisque, quam turpis adipiscing lorem, vitae mattis nibh ligula nec sem.",high,Economical
706,pending,10/20/2021,5/20/2021,e4a1b83f-5ad1-4312-aa53-aa5ed5876364,"Praesent blandit. Nam nulla. Integer pede justo, lacinia eget, tincidunt eget, tempus vel, pede.",medium,Luxury
707,active,3/29/2021,3/4/2021,40e3ed52-8339-4009-951e-fe0d7b9a26ae,Integer tincidunt ante vel ipsum. Praesent blandit lacinia erat. Vestibulum sed magna at nunc commodo placerat.,low,Truck
708,active,10/1/2020,12/16/2021,7fc1570e-e594-47e9-b1c3-25d5b8ca44a9,Pellentesque at nulla. Suspendisse potenti. Cras in purus eu magna vulputate luctus.,low,Extra Large
709,pending,2/17/2021,4/4/2021,7fb553cb-9be6-4cc6-a29b-4e70047e6b10,"Aenean fermentum. Donec ut mauris eget massa tempor convallis. Nulla neque libero, convallis eget, eleifend luctus, ultricies eu, nibh.",low,Truck
710,pending,10/31/2021,8/18/2020,f9df10fa-d079-411a-8aee-36e6e40549a6,Phasellus in felis. Donec semper sapien a libero. Nam dui.,low,Truck
711,retired,9/9/2020,4/22/2021,926e6b78-743f-47f0-927f-9a17afcffabc,"In hac habitasse platea dictumst. Morbi vestibulum, velit id pretium iaculis, diam erat fermentum justo, nec condimentum neque sapien placerat ante. Nulla justo.",high,Luxury
712,pending,7/26/2021,3/9/2020,622bf540-8d17-406a-a1b9-83074c1558da,"Cras mi pede, malesuada in, imperdiet et, commodo vulputate, justo. In blandit ultrices enim. Lorem ipsum dolor sit amet, consectetuer adipiscing elit.",medium,Economical
713,pending,5/18/2021,10/19/2021,19f3ab94-d31d-4c99-a28f-98c72891e0dd,Maecenas ut massa quis augue luctus tincidunt. Nulla mollis molestie lorem. Quisque ut erat.,medium,Extra Large
714,pending,6/3/2021,5/30/2021,9f2ec22a-038f-4aea-8cfe-9701fae2515a,Suspendisse potenti. In eleifend quam a odio. In hac habitasse platea dictumst.,high,Luxury
715,inactive,3/19/2021,1/16/2021,cdde4309-c300-4c43-87a3-68f57a913fcc,Nullam sit amet turpis elementum ligula vehicula consequat. Morbi a ipsum. Integer a nibh.,medium,Extra Large
716,pending,7/24/2021,11/17/2020,a88fe864-3542-49d9-8e64-d3bbb462695b,"Maecenas leo odio, condimentum id, luctus nec, molestie sed, justo. Pellentesque viverra pede ac diam. Cras pellentesque volutpat dui.",medium,Economical
717,inactive,6/7/2020,4/24/2020,2fe130c5-7ece-4928-b120-c91dc2899b43,"Quisque id justo sit amet sapien dignissim vestibulum. Vestibulum ante ipsum primis in faucibus orci luctus et ultrices posuere cubilia Curae; Nulla dapibus dolor vel est. Donec odio justo, sollicitudin ut, suscipit a, feugiat et, eros.",medium,Extra Large
718,pending,8/9/2021,7/3/2020,2b553d7f-cb73-4ee5-bf14-64f46d0a77e4,"Mauris enim leo, rhoncus sed, vestibulum sit amet, cursus id, turpis. Integer aliquet, massa id lobortis convallis, tortor risus dapibus augue, vel accumsan tellus nisi eu orci. Mauris lacinia sapien quis libero.",high,Luxury
719,retired,11/2/2021,8/14/2021,9fa8e320-d153-4ab0-90d4-89a6436b494d,Etiam vel augue. Vestibulum rutrum rutrum neque. Aenean auctor gravida sem.,low,Van
720,retired,5/6/2020,1/14/2020,3de291d4-58ae-451d-8f47-829ca9c1a97e,Nulla ut erat id mauris vulputate elementum. Nullam varius. Nulla facilisi.,medium,Truck
721,retired,8/2/2020,11/13/2020,e81504e3-09f7-4291-bfe2-2de972670dbb,"In hac habitasse platea dictumst. Morbi vestibulum, velit id pretium iaculis, diam erat fermentum justo, nec condimentum neque sapien placerat ante. Nulla justo.",low,Van
722,pending,6/27/2021,3/12/2021,73ea990b-8b40-4d89-b6fc-42b07f5b8d77,"Duis bibendum, felis sed interdum venenatis, turpis enim blandit mi, in porttitor pede justo eu massa. Donec dapibus. Duis at velit eu est congue elementum.",low,Van
723,retired,12/10/2021,7/18/2020,51eda700-fdb8-4496-a64a-d64ff14037d2,"In hac habitasse platea dictumst. Morbi vestibulum, velit id pretium iaculis, diam erat fermentum justo, nec condimentum neque sapien placerat ante. Nulla justo.",high,Truck
724,active,6/29/2021,6/9/2021,9231a474-2ea4-43a4-a05b-505a6b699baa,"Aenean fermentum. Donec ut mauris eget massa tempor convallis. Nulla neque libero, convallis eget, eleifend luctus, ultricies eu, nibh.",high,Luxury
725,pending,4/10/2020,11/28/2020,e978a3ba-6a8f-4f63-b7c1-5aeccdee879f,Aenean lectus. Pellentesque eget nunc. Donec quis orci eget orci vehicula condimentum.,high,Sport
726,pending,12/10/2020,8/23/2021,cd3f76b8-e033-4ca5-b908-876ec8b1d5f7,"Cum sociis natoque penatibus et magnis dis parturient montes, nascetur ridiculus mus. Vivamus vestibulum sagittis sapien. Cum sociis natoque penatibus et magnis dis parturient montes, nascetur ridiculus mus.",high,Truck
727,retired,1/25/2021,9/6/2021,59b1d09f-bc99-4e3c-8664-80b7c49e00af,In congue. Etiam justo. Etiam pretium iaculis justo.,medium,Truck
728,pending,8/27/2021,3/24/2020,5005d857-a198-4ab1-b986-af212d4d9220,Aenean lectus. Pellentesque eget nunc. Donec quis orci eget orci vehicula condimentum.,medium,Truck
729,active,2/1/2020,1/5/2021,21ab41d1-4766-4f3e-b5ec-69d7169583dc,Nulla ut erat id mauris vulputate elementum. Nullam varius. Nulla facilisi.,medium,Sport
730,active,10/14/2020,7/10/2020,1227fa95-d15a-4e82-806d-c8e670706a2f,"Quisque porta volutpat erat. Quisque erat eros, viverra eget, congue eget, semper rutrum, nulla. Nunc purus.",low,Economical
731,inactive,10/12/2020,4/2/2020,7e076fe1-3437-493c-bbc8-bfb791c4c426,Duis bibendum. Morbi non quam nec dui luctus rutrum. Nulla tellus.,medium,Van
732,retired,10/19/2020,6/17/2021,cda1de14-eb62-4aab-a60a-ac85604faacf,"Sed sagittis. Nam congue, risus semper porta volutpat, quam pede lobortis ligula, sit amet eleifend pede libero quis orci. Nullam molestie nibh in lectus.",medium,Luxury
733,pending,11/19/2020,6/15/2021,7272b730-ce39-4bbb-a671-733f842fe333,Integer tincidunt ante vel ipsum. Praesent blandit lacinia erat. Vestibulum sed magna at nunc commodo placerat.,medium,Sport
734,inactive,6/18/2020,8/19/2021,4c6dc3f2-caed-40b3-beb4-f65ec17b491b,In hac habitasse platea dictumst. Etiam faucibus cursus urna. Ut tellus.,high,Extra Large
735,pending,3/3/2021,12/26/2020,5faf003b-bb5a-4e27-928f-9e216c4d20a3,"Morbi non lectus. Aliquam sit amet diam in magna bibendum imperdiet. Nullam orci pede, venenatis non, sodales sed, tincidunt eu, felis.",high,Extra Large
736,pending,2/22/2020,8/14/2021,5980a1f0-7df2-4052-9cad-417a54414e74,Fusce consequat. Nulla nisl. Nunc nisl.,low,Luxury
737,inactive,1/2/2020,12/18/2020,1e450620-e7ad-4366-811c-a78cda639a1a,Cras non velit nec nisi vulputate nonummy. Maecenas tincidunt lacus at velit. Vivamus vel nulla eget eros elementum pellentesque.,high,Extra Large
738,inactive,10/23/2021,5/13/2021,6b14292f-d8e8-4b08-923f-5fedbec6e199,"Morbi porttitor lorem id ligula. Suspendisse ornare consequat lectus. In est risus, auctor sed, tristique in, tempus sit amet, sem.",medium,Luxury
739,inactive,6/26/2021,4/2/2021,fc217400-8d02-4450-b234-76505d18d860,Aenean lectus. Pellentesque eget nunc. Donec quis orci eget orci vehicula condimentum.,high,Sport
740,inactive,12/13/2021,3/21/2020,f18936d5-7886-4b77-ac5a-fe6b0bf13249,Nullam porttitor lacus at turpis. Donec posuere metus vitae ipsum. Aliquam non mauris.,high,Truck
741,active,12/11/2021,7/26/2020,1e66ab4b-b52e-4f05-83a6-554a654ea234,"Morbi non lectus. Aliquam sit amet diam in magna bibendum imperdiet. Nullam orci pede, venenatis non, sodales sed, tincidunt eu, felis.",high,Extra Large
742,active,10/9/2020,5/12/2020,f0662809-aa88-4689-adf8-4803cdf6a3c3,Cras non velit nec nisi vulputate nonummy. Maecenas tincidunt lacus at velit. Vivamus vel nulla eget eros elementum pellentesque.,medium,Van
743,retired,4/29/2021,7/18/2020,f522540d-8e25-4257-8400-90c606513f30,"Cum sociis natoque penatibus et magnis dis parturient montes, nascetur ridiculus mus. Vivamus vestibulum sagittis sapien. Cum sociis natoque penatibus et magnis dis parturient montes, nascetur ridiculus mus.",high,Economical
744,inactive,3/21/2021,3/9/2020,25d082ec-4c53-4ca1-8ece-6ea07ccc16e6,In hac habitasse platea dictumst. Etiam faucibus cursus urna. Ut tellus.,high,Economical
745,pending,11/5/2020,6/25/2021,9c912180-feec-464b-99b7-0f13783fa38f,Praesent id massa id nisl venenatis lacinia. Aenean sit amet justo. Morbi ut odio.,medium,Van
746,retired,7/19/2020,3/15/2020,5d7fc5c8-2bd4-41f7-aa46-0140aa85e543,"Curabitur at ipsum ac tellus semper interdum. Mauris ullamcorper purus sit amet nulla. Quisque arcu libero, rutrum ac, lobortis vel, dapibus at, diam.",high,Economical
747,inactive,12/15/2020,7/10/2021,fb093fda-c82d-4bdc-973f-0ad6a2cf7531,In hac habitasse platea dictumst. Etiam faucibus cursus urna. Ut tellus.,medium,Truck
748,retired,8/21/2020,4/27/2020,e991b90e-82d2-4bff-b72a-7f57c73077d5,"Praesent blandit. Nam nulla. Integer pede justo, lacinia eget, tincidunt eget, tempus vel, pede.",low,Economical
749,inactive,3/11/2020,2/10/2021,4de7019a-31b0-4450-a9ed-be6a0b227622,"Nam ultrices, libero non mattis pulvinar, nulla pede ullamcorper augue, a suscipit nulla elit ac nulla. Sed vel enim sit amet nunc viverra dapibus. Nulla suscipit ligula in lacus.",medium,Van
750,active,7/2/2020,11/21/2020,1741abc9-e183-41fa-9579-e31b0564d725,Nullam porttitor lacus at turpis. Donec posuere metus vitae ipsum. Aliquam non mauris.,low,Van
751,pending,1/20/2020,11/2/2021,7a7e56d5-89d9-41f4-94ee-ac30cfda5ae4,"Curabitur in libero ut massa volutpat convallis. Morbi odio odio, elementum eu, interdum eu, tincidunt in, leo. Maecenas pulvinar lobortis est.",medium,Extra Large
752,active,10/6/2021,11/30/2021,217fd381-9fba-47b2-9b0e-560485a0e587,Nulla ut erat id mauris vulputate elementum. Nullam varius. Nulla facilisi.,medium,Economical
753,inactive,2/15/2021,1/4/2021,2a946e1b-5f21-4824-8cb5-89c40c1e5634,Aenean lectus. Pellentesque eget nunc. Donec quis orci eget orci vehicula condimentum.,high,Economical
754,pending,3/30/2020,4/11/2021,920bf979-b398-4e9f-b1b9-cf7f1d596cda,Phasellus in felis. Donec semper sapien a libero. Nam dui.,high,Extra Large
755,inactive,3/6/2021,9/30/2021,2e802d27-6ac3-4ebb-a939-e7ec3e355326,Duis consequat dui nec nisi volutpat eleifend. Donec ut dolor. Morbi vel lectus in quam fringilla rhoncus.,medium,Luxury
756,pending,2/9/2020,7/11/2021,5805791f-462e-4595-9eb4-785315bb77a6,"Vestibulum ac est lacinia nisi venenatis tristique. Fusce congue, diam id ornare imperdiet, sapien urna pretium nisl, ut volutpat sapien arcu sed augue. Aliquam erat volutpat.",high,Truck
757,pending,10/20/2021,6/13/2020,7c90d535-442a-44ac-acff-5f0ea3eeb0f9,"Maecenas tristique, est et tempus semper, est quam pharetra magna, ac consequat metus sapien ut nunc. Vestibulum ante ipsum primis in faucibus orci luctus et ultrices posuere cubilia Curae; Mauris viverra diam vitae quam. Suspendisse potenti.",high,Truck
758,active,6/4/2020,1/7/2021,f0dae8a8-b32f-49a4-a01e-491e2c90cafe,"Maecenas tristique, est et tempus semper, est quam pharetra magna, ac consequat metus sapien ut nunc. Vestibulum ante ipsum primis in faucibus orci luctus et ultrices posuere cubilia Curae; Mauris viverra diam vitae quam. Suspendisse potenti.",medium,Sport
759,pending,8/4/2020,10/26/2020,ffcbeba2-17a6-4837-8bd5-57acc7cb5cc2,"Quisque porta volutpat erat. Quisque erat eros, viverra eget, congue eget, semper rutrum, nulla. Nunc purus.",medium,Economical
760,pending,8/26/2020,7/11/2020,8b2849bb-87de-422f-86bc-53f7a0cd5af1,"Praesent blandit. Nam nulla. Integer pede justo, lacinia eget, tincidunt eget, tempus vel, pede.",high,Luxury
761,retired,4/23/2020,11/17/2021,3272212a-13e0-4b70-b7f3-48e4dc0b9517,"In sagittis dui vel nisl. Duis ac nibh. Fusce lacus purus, aliquet at, feugiat non, pretium quis, lectus.",high,Sport
762,retired,6/26/2020,7/18/2021,9f1f90c6-67c1-4823-843a-28369de9013f,"Duis bibendum, felis sed interdum venenatis, turpis enim blandit mi, in porttitor pede justo eu massa. Donec dapibus. Duis at velit eu est congue elementum.",low,Van
763,inactive,8/23/2021,1/10/2021,c611a3bd-e4d7-43bb-882f-8fab07954957,Etiam vel augue. Vestibulum rutrum rutrum neque. Aenean auctor gravida sem.,medium,Luxury
764,active,9/9/2020,8/14/2021,88933b3e-7241-4190-ad5a-4e38073f1d7d,"Curabitur at ipsum ac tellus semper interdum. Mauris ullamcorper purus sit amet nulla. Quisque arcu libero, rutrum ac, lobortis vel, dapibus at, diam.",high,Extra Large
765,pending,12/19/2021,5/20/2020,3ca60239-58fc-478a-aa5d-c117f8bd1915,"Sed sagittis. Nam congue, risus semper porta volutpat, quam pede lobortis ligula, sit amet eleifend pede libero quis orci. Nullam molestie nibh in lectus.",medium,Luxury
766,active,5/28/2021,3/9/2020,f274cf04-358a-4601-a7f9-65937b861e42,"Proin leo odio, porttitor id, consequat in, consequat ut, nulla. Sed accumsan felis. Ut at dolor quis odio consequat varius.",medium,Luxury
767,inactive,3/16/2021,7/26/2020,d57c4394-d543-4d0e-b32d-13aaa1d928ff,"Nam ultrices, libero non mattis pulvinar, nulla pede ullamcorper augue, a suscipit nulla elit ac nulla. Sed vel enim sit amet nunc viverra dapibus. Nulla suscipit ligula in lacus.",medium,Extra Large
768,retired,1/4/2021,10/21/2020,36bad37f-7a28-4b79-aad4-b25a1441d396,"Morbi non lectus. Aliquam sit amet diam in magna bibendum imperdiet. Nullam orci pede, venenatis non, sodales sed, tincidunt eu, felis.",high,Sport
769,active,1/4/2021,6/3/2021,c084c2c6-fa1e-4f51-91da-24deaf8a453e,"Maecenas tristique, est et tempus semper, est quam pharetra magna, ac consequat metus sapien ut nunc. Vestibulum ante ipsum primis in faucibus orci luctus et ultrices posuere cubilia Curae; Mauris viverra diam vitae quam. Suspendisse potenti.",medium,Sport
770,inactive,9/2/2021,9/9/2020,d2dacc0e-007f-4cf4-9aa6-63803a23f167,Integer ac leo. Pellentesque ultrices mattis odio. Donec vitae nisi.,medium,Economical
771,pending,12/1/2021,3/23/2020,5ee7afc8-84ba-4a6c-8085-3897ccab4b9a,Etiam vel augue. Vestibulum rutrum rutrum neque. Aenean auctor gravida sem.,high,Sport
772,pending,3/18/2021,4/29/2020,fe2499b4-da67-4e9e-9e5e-db56eeb8feb0,"Cras mi pede, malesuada in, imperdiet et, commodo vulputate, justo. In blandit ultrices enim. Lorem ipsum dolor sit amet, consectetuer adipiscing elit.",medium,Luxury
773,active,5/21/2021,1/27/2021,59930f35-b7b8-40db-984d-9b80bfc71432,Duis consequat dui nec nisi volutpat eleifend. Donec ut dolor. Morbi vel lectus in quam fringilla rhoncus.,high,Luxury
774,active,9/25/2020,6/5/2021,fc43732d-ed48-4557-8844-1fce9dd78a35,"Curabitur gravida nisi at nibh. In hac habitasse platea dictumst. Aliquam augue quam, sollicitudin vitae, consectetuer eget, rutrum at, lorem.",high,Van
775,retired,5/22/2021,7/28/2021,33ab34bf-4a05-4994-a8e4-eaccff1c457b,Integer tincidunt ante vel ipsum. Praesent blandit lacinia erat. Vestibulum sed magna at nunc commodo placerat.,medium,Sport
776,active,3/3/2020,5/21/2020,8a20c5e4-2387-4c51-806d-188c7ed2106e,Phasellus sit amet erat. Nulla tempus. Vivamus in felis eu sapien cursus vestibulum.,medium,Extra Large
777,pending,8/29/2021,4/30/2021,2f8127e9-1da5-4620-92d2-76d2964d40ab,"Vestibulum quam sapien, varius ut, blandit non, interdum in, ante. Vestibulum ante ipsum primis in faucibus orci luctus et ultrices posuere cubilia Curae; Duis faucibus accumsan odio. Curabitur convallis.",medium,Extra Large
778,pending,7/26/2020,4/19/2021,674a218f-70ab-41ac-b74f-a0c4d4576ce1,Duis aliquam convallis nunc. Proin at turpis a pede posuere nonummy. Integer non velit.,medium,Economical
779,inactive,2/12/2021,7/25/2021,52c7225e-3e57-440c-9e59-9427e0c78edc,"Duis bibendum, felis sed interdum venenatis, turpis enim blandit mi, in porttitor pede justo eu massa. Donec dapibus. Duis at velit eu est congue elementum.",high,Luxury
780,pending,10/7/2021,4/1/2021,4c4f583e-4166-4646-a0a7-9e9eb59227dc,Integer ac leo. Pellentesque ultrices mattis odio. Donec vitae nisi.,high,Van
781,active,8/17/2021,4/24/2021,459b98c9-1883-4db0-bd0d-c7b4b5249c53,"Proin interdum mauris non ligula pellentesque ultrices. Phasellus id sapien in sapien iaculis congue. Vivamus metus arcu, adipiscing molestie, hendrerit at, vulputate vitae, nisl.",high,Sport
782,active,6/30/2020,2/13/2021,b208d385-fb2c-40a5-969b-fde6ed48d70c,Nullam sit amet turpis elementum ligula vehicula consequat. Morbi a ipsum. Integer a nibh.,medium,Luxury
783,pending,4/25/2020,7/6/2021,a11e32ce-51cd-4924-81fe-8ba761a35c86,Praesent id massa id nisl venenatis lacinia. Aenean sit amet justo. Morbi ut odio.,medium,Van
784,retired,6/3/2020,6/13/2021,53e584c8-a12d-4910-8319-846efbfe2e62,Aenean lectus. Pellentesque eget nunc. Donec quis orci eget orci vehicula condimentum.,low,Economical
785,retired,11/11/2021,10/20/2021,b749a498-85c1-4fcc-bd48-9375311bc509,"Quisque id justo sit amet sapien dignissim vestibulum. Vestibulum ante ipsum primis in faucibus orci luctus et ultrices posuere cubilia Curae; Nulla dapibus dolor vel est. Donec odio justo, sollicitudin ut, suscipit a, feugiat et, eros.",medium,Sport
786,inactive,9/5/2020,11/4/2020,07ef9093-3ed2-4e53-b150-f03ce3f0b98d,Etiam vel augue. Vestibulum rutrum rutrum neque. Aenean auctor gravida sem.,medium,Extra Large
787,pending,3/15/2021,2/20/2020,d3c7b143-aaa6-4738-af54-35c6059600bf,"Donec diam neque, vestibulum eget, vulputate ut, ultrices vel, augue. Vestibulum ante ipsum primis in faucibus orci luctus et ultrices posuere cubilia Curae; Donec pharetra, magna vestibulum aliquet ultrices, erat tortor sollicitudin mi, sit amet lobortis sapien sapien non mi. Integer ac neque.",high,Van
788,pending,5/8/2021,8/22/2021,b33d7a2a-c4c1-4038-ad4f-93562ed453e9,"Morbi non lectus. Aliquam sit amet diam in magna bibendum imperdiet. Nullam orci pede, venenatis non, sodales sed, tincidunt eu, felis.",medium,Economical
789,active,5/24/2020,5/11/2021,f42ad97f-3a64-4bcb-b84b-fa5015bf5b66,"Maecenas leo odio, condimentum id, luctus nec, molestie sed, justo. Pellentesque viverra pede ac diam. Cras pellentesque volutpat dui.",low,Truck
790,inactive,1/4/2021,8/16/2021,ef1631fa-9f1b-469e-952e-d05b8ae3e49c,Duis aliquam convallis nunc. Proin at turpis a pede posuere nonummy. Integer non velit.,high,Truck
791,active,5/31/2020,2/13/2021,3cb2810e-3b44-45b2-98c7-d0b274e7d324,"Donec diam neque, vestibulum eget, vulputate ut, ultrices vel, augue. Vestibulum ante ipsum primis in faucibus orci luctus et ultrices posuere cubilia Curae; Donec pharetra, magna vestibulum aliquet ultrices, erat tortor sollicitudin mi, sit amet lobortis sapien sapien non mi. Integer ac neque.",low,Sport
792,retired,8/23/2021,11/2/2020,5b4a67ec-ba2e-4fb0-a49d-07d0027713bc,Duis aliquam convallis nunc. Proin at turpis a pede posuere nonummy. Integer non velit.,low,Truck
793,active,4/21/2021,2/7/2020,f6c42993-6ebc-4a3a-8b4d-683856fcf727,"Cras mi pede, malesuada in, imperdiet et, commodo vulputate, justo. In blandit ultrices enim. Lorem ipsum dolor sit amet, consectetuer adipiscing elit.",low,Truck
794,active,12/30/2020,10/29/2020,29740073-43ac-4d6c-9b60-aec806ceb135,Aliquam quis turpis eget elit sodales scelerisque. Mauris sit amet eros. Suspendisse accumsan tortor quis turpis.,medium,Van
795,active,11/3/2020,12/1/2020,3b75155b-cbe4-4b78-83b1-aa81bbf60322,"Cras mi pede, malesuada in, imperdiet et, commodo vulputate, justo. In blandit ultrices enim. Lorem ipsum dolor sit amet, consectetuer adipiscing elit.",low,Extra Large
796,active,4/12/2020,9/2/2021,1dedb2aa-cda1-455b-93f1-2371b736076c,Phasellus in felis. Donec semper sapien a libero. Nam dui.,medium,Luxury
797,pending,12/19/2021,4/20/2020,15867198-d94f-4228-99e0-682271af88f9,Etiam vel augue. Vestibulum rutrum rutrum neque. Aenean auctor gravida sem.,low,Sport
798,pending,6/27/2020,9/21/2021,7256bf6e-1729-46cb-846c-9095cb10951d,"Curabitur in libero ut massa volutpat convallis. Morbi odio odio, elementum eu, interdum eu, tincidunt in, leo. Maecenas pulvinar lobortis est.",medium,Van
799,retired,7/29/2020,1/18/2021,107f3db9-005b-47e6-b34e-4f3048ec4c61,"Curabitur gravida nisi at nibh. In hac habitasse platea dictumst. Aliquam augue quam, sollicitudin vitae, consectetuer eget, rutrum at, lorem.",low,Extra Large
800,active,2/23/2020,10/15/2020,7deb9525-f9d9-4d69-9248-956b12ff4ab0,Etiam vel augue. Vestibulum rutrum rutrum neque. Aenean auctor gravida sem.,low,Truck
801,inactive,9/19/2020,3/21/2020,23299e2a-d8f4-4dd6-9ba5-adb995760b09,"Curabitur at ipsum ac tellus semper interdum. Mauris ullamcorper purus sit amet nulla. Quisque arcu libero, rutrum ac, lobortis vel, dapibus at, diam.",medium,Truck
802,active,7/14/2021,9/4/2021,624cd4fa-fe63-40cb-8260-c5b9164fa6fe,"Maecenas leo odio, condimentum id, luctus nec, molestie sed, justo. Pellentesque viverra pede ac diam. Cras pellentesque volutpat dui.",high,Van
803,retired,10/19/2020,8/23/2020,ee7fd3a0-b50f-4953-9df2-fd7c57f786ff,"Fusce posuere felis sed lacus. Morbi sem mauris, laoreet ut, rhoncus aliquet, pulvinar sed, nisl. Nunc rhoncus dui vel sem.",low,Van
804,pending,8/28/2020,7/24/2021,8a0c377c-4f00-4144-9871-5e6f5447dd3c,Cras non velit nec nisi vulputate nonummy. Maecenas tincidunt lacus at velit. Vivamus vel nulla eget eros elementum pellentesque.,low,Van
805,inactive,11/3/2020,1/16/2021,613dd9a2-eedf-4865-8995-9c2c7248460b,"Praesent blandit. Nam nulla. Integer pede justo, lacinia eget, tincidunt eget, tempus vel, pede.",medium,Economical
806,inactive,10/19/2020,4/25/2020,18712bca-3ead-4c55-aa47-c26cb15896a5,Suspendisse potenti. In eleifend quam a odio. In hac habitasse platea dictumst.,medium,Sport
807,pending,6/26/2020,6/14/2020,4e1126d4-287b-4323-a496-4e4cf3dcae04,"Donec diam neque, vestibulum eget, vulputate ut, ultrices vel, augue. Vestibulum ante ipsum primis in faucibus orci luctus et ultrices posuere cubilia Curae; Donec pharetra, magna vestibulum aliquet ultrices, erat tortor sollicitudin mi, sit amet lobortis sapien sapien non mi. Integer ac neque.",medium,Sport
808,pending,10/8/2020,2/22/2021,5b51523e-09f2-404a-8c3c-9bdadf640ded,Phasellus sit amet erat. Nulla tempus. Vivamus in felis eu sapien cursus vestibulum.,high,Economical
809,inactive,2/21/2020,9/8/2021,9e7c1e9b-12a7-4002-992f-36eba91e467f,"In hac habitasse platea dictumst. Morbi vestibulum, velit id pretium iaculis, diam erat fermentum justo, nec condimentum neque sapien placerat ante. Nulla justo.",medium,Sport
810,inactive,7/11/2021,10/18/2021,b318e0b6-1083-48a7-b6f3-c8055d179ce1,"Donec diam neque, vestibulum eget, vulputate ut, ultrices vel, augue. Vestibulum ante ipsum primis in faucibus orci luctus et ultrices posuere cubilia Curae; Donec pharetra, magna vestibulum aliquet ultrices, erat tortor sollicitudin mi, sit amet lobortis sapien sapien non mi. Integer ac neque.",low,Van
811,pending,1/21/2020,1/29/2021,d6d6d051-44d0-43f0-a9f2-cce0ca53f343,Nullam porttitor lacus at turpis. Donec posuere metus vitae ipsum. Aliquam non mauris.,medium,Van
812,pending,9/11/2020,3/13/2021,efdc65d3-fd13-4171-bb50-e74638047d09,"Mauris enim leo, rhoncus sed, vestibulum sit amet, cursus id, turpis. Integer aliquet, massa id lobortis convallis, tortor risus dapibus augue, vel accumsan tellus nisi eu orci. Mauris lacinia sapien quis libero.",low,Sport
813,retired,10/8/2020,7/26/2020,1016f492-a7e7-4c09-adb5-aa624e2ec921,In congue. Etiam justo. Etiam pretium iaculis justo.,low,Truck
814,retired,10/26/2021,4/14/2021,5d096b32-74fb-4cb5-af28-e804b260ec77,"Praesent blandit. Nam nulla. Integer pede justo, lacinia eget, tincidunt eget, tempus vel, pede.",high,Extra Large
815,inactive,5/1/2021,2/9/2020,07522985-fab3-4b31-854d-a0e350d5f086,Phasellus sit amet erat. Nulla tempus. Vivamus in felis eu sapien cursus vestibulum.,high,Economical
816,active,7/26/2021,3/30/2020,7ad135b7-d29f-4045-87fb-368e59e7a31a,"In sagittis dui vel nisl. Duis ac nibh. Fusce lacus purus, aliquet at, feugiat non, pretium quis, lectus.",medium,Extra Large
817,active,9/15/2021,9/25/2020,5428da27-eb3f-493b-a54d-385ce0a7403c,Duis aliquam convallis nunc. Proin at turpis a pede posuere nonummy. Integer non velit.,low,Sport
818,active,11/22/2020,1/25/2020,315d6871-53f7-4f8a-8a82-6a2209cb1671,Sed ante. Vivamus tortor. Duis mattis egestas metus.,medium,Economical
819,inactive,8/8/2020,3/17/2021,30d95d79-f018-4f27-81d1-0fb8278b83bf,Nulla ut erat id mauris vulputate elementum. Nullam varius. Nulla facilisi.,high,Sport
820,active,3/19/2021,2/26/2020,0a100938-5988-4606-857a-7305664a70aa,"Morbi non lectus. Aliquam sit amet diam in magna bibendum imperdiet. Nullam orci pede, venenatis non, sodales sed, tincidunt eu, felis.",medium,Van
821,retired,8/23/2020,6/13/2021,2401ef2a-f4ab-4077-aee0-426647e15674,"Lorem ipsum dolor sit amet, consectetuer adipiscing elit. Proin risus. Praesent lectus.",medium,Truck
822,pending,10/2/2021,4/14/2021,f82ba6eb-b16d-49c1-9bbe-d0d56606fc9d,"Nam ultrices, libero non mattis pulvinar, nulla pede ullamcorper augue, a suscipit nulla elit ac nulla. Sed vel enim sit amet nunc viverra dapibus. Nulla suscipit ligula in lacus.",high,Luxury
823,retired,9/25/2021,6/29/2021,4a2cf3f5-640e-4f7d-b9c1-427fcea3a839,Integer ac leo. Pellentesque ultrices mattis odio. Donec vitae nisi.,low,Van
824,retired,1/21/2021,2/26/2021,0cde2d5e-2476-46a4-992e-7cccf0be68a9,"Morbi non lectus. Aliquam sit amet diam in magna bibendum imperdiet. Nullam orci pede, venenatis non, sodales sed, tincidunt eu, felis.",low,Van
825,pending,12/24/2021,5/8/2021,33fccd63-4832-4ea0-ae87-86106ecf0da7,Integer ac leo. Pellentesque ultrices mattis odio. Donec vitae nisi.,low,Truck
826,retired,9/30/2020,12/14/2021,5ec9c32b-d595-4024-9874-412c6b14a111,Suspendisse potenti. In eleifend quam a odio. In hac habitasse platea dictumst.,low,Sport
827,pending,4/2/2021,11/30/2021,0d4092b1-60f7-4d33-976b-20913dca1664,"Vestibulum ac est lacinia nisi venenatis tristique. Fusce congue, diam id ornare imperdiet, sapien urna pretium nisl, ut volutpat sapien arcu sed augue. Aliquam erat volutpat.",medium,Economical
828,retired,1/21/2020,7/15/2021,07cd3784-ce9f-4c89-84de-904e9c2e1a8e,Integer ac leo. Pellentesque ultrices mattis odio. Donec vitae nisi.,medium,Luxury
829,active,9/6/2021,9/6/2020,f5117a9c-ac80-4cb4-ada0-e73d6538e3f1,In hac habitasse platea dictumst. Etiam faucibus cursus urna. Ut tellus.,low,Extra Large
830,pending,2/14/2021,7/16/2021,7c124f83-b906-40ee-9bad-f09a85b03715,"Cum sociis natoque penatibus et magnis dis parturient montes, nascetur ridiculus mus. Vivamus vestibulum sagittis sapien. Cum sociis natoque penatibus et magnis dis parturient montes, nascetur ridiculus mus.",medium,Luxury
831,active,2/8/2020,2/26/2020,19dd8725-c4fe-4962-8de2-4894dba465c5,Integer tincidunt ante vel ipsum. Praesent blandit lacinia erat. Vestibulum sed magna at nunc commodo placerat.,low,Sport
832,active,9/20/2021,11/25/2020,4afd558e-1df7-42e8-b7ea-3b67a288530a,Praesent id massa id nisl venenatis lacinia. Aenean sit amet justo. Morbi ut odio.,medium,Van
833,retired,5/17/2020,11/14/2021,7f7adde6-d364-4aef-ae60-4a997e7018d0,Etiam vel augue. Vestibulum rutrum rutrum neque. Aenean auctor gravida sem.,low,Luxury
834,retired,1/13/2020,7/18/2021,7a279201-5b80-4615-bebc-71fbe28a4bf3,Sed ante. Vivamus tortor. Duis mattis egestas metus.,medium,Extra Large
835,active,5/26/2021,9/6/2020,1caf06b1-595b-440c-9042-566e436d22d6,Aliquam quis turpis eget elit sodales scelerisque. Mauris sit amet eros. Suspendisse accumsan tortor quis turpis.,low,Van
836,active,9/20/2020,7/12/2020,b78b2e8a-c170-42d2-aff7-eed08e64367b,Duis aliquam convallis nunc. Proin at turpis a pede posuere nonummy. Integer non velit.,medium,Extra Large
837,retired,12/23/2020,3/16/2021,16824e5c-066e-4df9-95b8-38653a8060c2,"Aenean fermentum. Donec ut mauris eget massa tempor convallis. Nulla neque libero, convallis eget, eleifend luctus, ultricies eu, nibh.",low,Truck
838,active,2/25/2020,8/9/2020,1d4e725c-97c2-4ff5-ab5d-0eed4c3e5d84,Suspendisse potenti. In eleifend quam a odio. In hac habitasse platea dictumst.,high,Sport
839,pending,11/26/2021,2/6/2020,211c931f-ba06-4cc4-a958-a84fe0641411,"Lorem ipsum dolor sit amet, consectetuer adipiscing elit. Proin risus. Praesent lectus.",high,Economical
840,pending,11/7/2021,7/17/2020,1f65b125-1b63-4432-a5f5-81ae4f82532d,Praesent id massa id nisl venenatis lacinia. Aenean sit amet justo. Morbi ut odio.,medium,Truck
841,active,11/30/2021,4/6/2021,5bd4292c-8a54-44c2-8168-532567f52759,In hac habitasse platea dictumst. Etiam faucibus cursus urna. Ut tellus.,medium,Economical
842,retired,4/22/2020,4/20/2020,42d15237-4601-4ec0-bb43-10114142db12,"In sagittis dui vel nisl. Duis ac nibh. Fusce lacus purus, aliquet at, feugiat non, pretium quis, lectus.",medium,Economical
843,active,2/12/2020,7/29/2020,8ceec750-6196-4e1c-8ce9-7bcc13cb8ae6,Integer tincidunt ante vel ipsum. Praesent blandit lacinia erat. Vestibulum sed magna at nunc commodo placerat.,medium,Van
844,pending,3/26/2020,11/23/2020,d160bd0e-9c28-461a-953c-9cd9a95d9577,"Cras mi pede, malesuada in, imperdiet et, commodo vulputate, justo. In blandit ultrices enim. Lorem ipsum dolor sit amet, consectetuer adipiscing elit.",low,Economical
845,active,5/1/2020,8/27/2021,c8a177df-09dd-46a7-8daf-18a7e38000bf,Cras non velit nec nisi vulputate nonummy. Maecenas tincidunt lacus at velit. Vivamus vel nulla eget eros elementum pellentesque.,low,Truck
846,active,2/15/2020,3/11/2020,add11f55-33f3-4908-b0fa-938336178077,Pellentesque at nulla. Suspendisse potenti. Cras in purus eu magna vulputate luctus.,medium,Extra Large
847,pending,2/15/2020,9/29/2021,c2db63bb-b1b0-4443-96e0-04e81537cbbf,"Maecenas tristique, est et tempus semper, est quam pharetra magna, ac consequat metus sapien ut nunc. Vestibulum ante ipsum primis in faucibus orci luctus et ultrices posuere cubilia Curae; Mauris viverra diam vitae quam. Suspendisse potenti.",low,Sport
848,inactive,6/2/2020,12/13/2020,1eba940e-81a4-4796-bc80-4ba6db726fa2,Sed ante. Vivamus tortor. Duis mattis egestas metus.,low,Extra Large
849,retired,12/14/2020,1/18/2021,2fcd0f2a-b7a6-45ed-a10d-ce91d5625251,"Quisque id justo sit amet sapien dignissim vestibulum. Vestibulum ante ipsum primis in faucibus orci luctus et ultrices posuere cubilia Curae; Nulla dapibus dolor vel est. Donec odio justo, sollicitudin ut, suscipit a, feugiat et, eros.",medium,Economical
850,active,9/30/2020,2/15/2020,08ca4e84-55f4-4501-8c02-41927ad28da0,Maecenas ut massa quis augue luctus tincidunt. Nulla mollis molestie lorem. Quisque ut erat.,high,Economical
851,active,3/7/2020,12/26/2020,af6819f5-55fe-442f-8bcb-2019ff699b9b,"In sagittis dui vel nisl. Duis ac nibh. Fusce lacus purus, aliquet at, feugiat non, pretium quis, lectus.",low,Truck
852,retired,5/18/2021,11/6/2021,e3f66361-3618-4497-a02c-36de4a5954f9,"Curabitur at ipsum ac tellus semper interdum. Mauris ullamcorper purus sit amet nulla. Quisque arcu libero, rutrum ac, lobortis vel, dapibus at, diam.",medium,Sport
853,active,11/28/2020,12/28/2020,dd567023-f886-4552-b0c2-c8cfe90f52e5,Nullam sit amet turpis elementum ligula vehicula consequat. Morbi a ipsum. Integer a nibh.,low,Van
854,pending,6/16/2020,5/10/2020,5155dc99-17cf-4f19-b8c3-15ae88301577,"Morbi porttitor lorem id ligula. Suspendisse ornare consequat lectus. In est risus, auctor sed, tristique in, tempus sit amet, sem.",low,Truck
855,inactive,2/11/2021,12/7/2021,cafc8fba-5592-4785-94ef-f10e51c525f9,Maecenas ut massa quis augue luctus tincidunt. Nulla mollis molestie lorem. Quisque ut erat.,low,Extra Large
856,pending,10/19/2021,4/10/2020,64ba7e91-2ba3-4916-a9ea-c5e3399794e7,"Maecenas leo odio, condimentum id, luctus nec, molestie sed, justo. Pellentesque viverra pede ac diam. Cras pellentesque volutpat dui.",high,Extra Large
857,pending,10/4/2020,12/23/2020,ecb1066b-903c-46eb-a805-0895fc7fdf84,Duis bibendum. Morbi non quam nec dui luctus rutrum. Nulla tellus.,low,Luxury
858,inactive,7/21/2021,8/12/2021,e693210c-5e6b-42ad-9865-c0a68b648620,"Morbi non lectus. Aliquam sit amet diam in magna bibendum imperdiet. Nullam orci pede, venenatis non, sodales sed, tincidunt eu, felis.",medium,Luxury
859,pending,2/5/2021,11/13/2021,711b91ac-4eba-477c-9159-678872f276fc,In congue. Etiam justo. Etiam pretium iaculis justo.,low,Extra Large
860,active,11/26/2020,4/27/2020,9a8f2140-df2f-4a47-b7d1-f86a897a4930,Integer tincidunt ante vel ipsum. Praesent blandit lacinia erat. Vestibulum sed magna at nunc commodo placerat.,low,Extra Large
861,retired,3/21/2020,11/22/2021,92865268-b459-4f7e-98c3-755095bc0c05,Duis bibendum. Morbi non quam nec dui luctus rutrum. Nulla tellus.,high,Economical
862,pending,4/7/2020,4/26/2020,5af192fd-5caa-4d54-af1e-c37cdbde9c84,"In sagittis dui vel nisl. Duis ac nibh. Fusce lacus purus, aliquet at, feugiat non, pretium quis, lectus.",high,Sport
863,active,8/19/2021,4/12/2021,060006c4-26b5-49a9-b085-8081e03d39a4,"Quisque porta volutpat erat. Quisque erat eros, viverra eget, congue eget, semper rutrum, nulla. Nunc purus.",low,Luxury
864,pending,12/6/2021,7/18/2021,46681b7d-6665-4c03-b667-2f1445791415,"Maecenas leo odio, condimentum id, luctus nec, molestie sed, justo. Pellentesque viverra pede ac diam. Cras pellentesque volutpat dui.",low,Luxury
865,pending,10/19/2021,4/13/2021,c56a7b61-6dba-4152-9980-dc50b7770f6c,"Duis bibendum, felis sed interdum venenatis, turpis enim blandit mi, in porttitor pede justo eu massa. Donec dapibus. Duis at velit eu est congue elementum.",high,Truck
866,pending,11/15/2021,2/22/2020,92408c9c-6a18-428e-af67-2ec31fc599ea,Aliquam quis turpis eget elit sodales scelerisque. Mauris sit amet eros. Suspendisse accumsan tortor quis turpis.,medium,Sport
867,pending,10/9/2021,11/29/2021,82db40e6-f8b2-45d6-9aae-d74fe974f2a5,Duis consequat dui nec nisi volutpat eleifend. Donec ut dolor. Morbi vel lectus in quam fringilla rhoncus.,medium,Economical
868,inactive,6/3/2021,2/16/2021,0abfbb51-fc1a-4a60-bb59-ab81e14c7170,Integer tincidunt ante vel ipsum. Praesent blandit lacinia erat. Vestibulum sed magna at nunc commodo placerat.,medium,Sport
869,active,5/24/2021,9/30/2020,6bd1574c-3041-4994-b9ee-4eadf596378a,"Proin interdum mauris non ligula pellentesque ultrices. Phasellus id sapien in sapien iaculis congue. Vivamus metus arcu, adipiscing molestie, hendrerit at, vulputate vitae, nisl.",low,Extra Large
870,pending,11/29/2020,11/2/2021,f9750ece-cbf1-4487-b8b9-27c3da7b05da,Aliquam quis turpis eget elit sodales scelerisque. Mauris sit amet eros. Suspendisse accumsan tortor quis turpis.,high,Sport
871,inactive,7/27/2021,6/21/2021,f4707711-6101-4db5-af2b-ad43372ff214,"Mauris enim leo, rhoncus sed, vestibulum sit amet, cursus id, turpis. Integer aliquet, massa id lobortis convallis, tortor risus dapibus augue, vel accumsan tellus nisi eu orci. Mauris lacinia sapien quis libero.",low,Sport
872,retired,10/10/2020,2/23/2021,0d30d9b3-7f39-4323-b02a-b20a0224d48e,Aliquam quis turpis eget elit sodales scelerisque. Mauris sit amet eros. Suspendisse accumsan tortor quis turpis.,medium,Sport
873,pending,6/1/2021,9/20/2021,a08a7e04-a2d3-44b6-bba1-d0cd83ffad1a,Duis bibendum. Morbi non quam nec dui luctus rutrum. Nulla tellus.,medium,Sport
874,inactive,8/27/2021,5/23/2021,f7aa8d2d-4f20-48d2-85ba-ad50a5ebb7ef,"Mauris enim leo, rhoncus sed, vestibulum sit amet, cursus id, turpis. Integer aliquet, massa id lobortis convallis, tortor risus dapibus augue, vel accumsan tellus nisi eu orci. Mauris lacinia sapien quis libero.",high,Truck
875,pending,12/10/2021,2/14/2020,9d10d1b0-7336-43f3-af4f-ba91318c9e9f,"Duis bibendum, felis sed interdum venenatis, turpis enim blandit mi, in porttitor pede justo eu massa. Donec dapibus. Duis at velit eu est congue elementum.",medium,Luxury
876,inactive,9/6/2021,12/4/2020,6963ded1-ceca-469c-bd37-49e990413a22,"Maecenas tristique, est et tempus semper, est quam pharetra magna, ac consequat metus sapien ut nunc. Vestibulum ante ipsum primis in faucibus orci luctus et ultrices posuere cubilia Curae; Mauris viverra diam vitae quam. Suspendisse potenti.",high,Luxury
877,active,6/17/2021,1/6/2021,a02028d8-db8c-4835-9834-cc125e6abebe,"Proin leo odio, porttitor id, consequat in, consequat ut, nulla. Sed accumsan felis. Ut at dolor quis odio consequat varius.",high,Luxury
878,pending,3/24/2021,5/25/2021,7d5927dc-d394-49b2-9b2b-e94228993e5d,Phasellus in felis. Donec semper sapien a libero. Nam dui.,low,Van
879,pending,5/12/2020,7/11/2021,85ac473e-da82-4504-8746-654a6df256bf,"Quisque id justo sit amet sapien dignissim vestibulum. Vestibulum ante ipsum primis in faucibus orci luctus et ultrices posuere cubilia Curae; Nulla dapibus dolor vel est. Donec odio justo, sollicitudin ut, suscipit a, feugiat et, eros.",low,Sport
880,pending,8/11/2020,8/27/2021,81a9408c-47f7-4b0d-ba52-b43cd7a250ba,"Vestibulum ac est lacinia nisi venenatis tristique. Fusce congue, diam id ornare imperdiet, sapien urna pretium nisl, ut volutpat sapien arcu sed augue. Aliquam erat volutpat.",high,Van
881,pending,3/15/2021,4/16/2020,4b6b098b-35fa-45d4-817e-0a76a70dc47e,"Curabitur in libero ut massa volutpat convallis. Morbi odio odio, elementum eu, interdum eu, tincidunt in, leo. Maecenas pulvinar lobortis est.",medium,Luxury
882,pending,10/21/2021,5/5/2020,9bd5584f-94ea-4832-9697-0ff123e3e236,"Donec diam neque, vestibulum eget, vulputate ut, ultrices vel, augue. Vestibulum ante ipsum primis in faucibus orci luctus et ultrices posuere cubilia Curae; Donec pharetra, magna vestibulum aliquet ultrices, erat tortor sollicitudin mi, sit amet lobortis sapien sapien non mi. Integer ac neque.",medium,Van
883,retired,6/13/2020,3/12/2021,89dab11e-3043-4c6a-a477-2e3988eef8fd,"Lorem ipsum dolor sit amet, consectetuer adipiscing elit. Proin risus. Praesent lectus.",medium,Extra Large
884,pending,12/23/2020,11/2/2020,ab5da1cb-920a-4bb5-80e9-ac0bc74df66a,"Duis bibendum, felis sed interdum venenatis, turpis enim blandit mi, in porttitor pede justo eu massa. Donec dapibus. Duis at velit eu est congue elementum.",low,Extra Large
885,retired,9/25/2021,9/11/2020,56fdd823-1faa-409b-885e-dfde7272090d,Integer tincidunt ante vel ipsum. Praesent blandit lacinia erat. Vestibulum sed magna at nunc commodo placerat.,high,Van
886,retired,11/18/2021,11/30/2020,70f5b31d-03f5-4499-bbde-8e49be1412f7,Praesent id massa id nisl venenatis lacinia. Aenean sit amet justo. Morbi ut odio.,low,Van
887,active,12/23/2020,12/11/2021,f16ab8d3-6d01-4e9f-a5b6-2a7e473c833f,"Maecenas leo odio, condimentum id, luctus nec, molestie sed, justo. Pellentesque viverra pede ac diam. Cras pellentesque volutpat dui.",high,Sport
888,inactive,9/24/2021,12/14/2020,3f48918a-4f58-40ee-ba25-e083ad5ec89b,"Nam ultrices, libero non mattis pulvinar, nulla pede ullamcorper augue, a suscipit nulla elit ac nulla. Sed vel enim sit amet nunc viverra dapibus. Nulla suscipit ligula in lacus.",high,Extra Large
889,inactive,8/16/2020,10/4/2020,310fa843-d1e2-4d43-ae97-61be8789c3b1,"Curabitur gravida nisi at nibh. In hac habitasse platea dictumst. Aliquam augue quam, sollicitudin vitae, consectetuer eget, rutrum at, lorem.",low,Economical
890,pending,4/17/2021,9/20/2021,186c6106-04c5-4419-92f7-e5776d11605e,"Maecenas leo odio, condimentum id, luctus nec, molestie sed, justo. Pellentesque viverra pede ac diam. Cras pellentesque volutpat dui.",low,Economical
891,pending,6/6/2020,7/14/2020,855d3fc3-d507-47cd-bbcf-5398f5f56101,"Lorem ipsum dolor sit amet, consectetuer adipiscing elit. Proin risus. Praesent lectus.",medium,Luxury
892,pending,7/2/2021,10/6/2020,b74f08d4-e4f4-48d3-a09c-5fb859058f5c,Praesent id massa id nisl venenatis lacinia. Aenean sit amet justo. Morbi ut odio.,low,Sport
893,retired,12/17/2020,7/3/2021,64dbe6d3-b045-4b3a-b036-42124e386d85,"Duis bibendum, felis sed interdum venenatis, turpis enim blandit mi, in porttitor pede justo eu massa. Donec dapibus. Duis at velit eu est congue elementum.",low,Van
894,pending,5/26/2020,1/3/2021,dda54931-20f3-4221-b808-4f2c95ee1734,Duis bibendum. Morbi non quam nec dui luctus rutrum. Nulla tellus.,high,Extra Large
895,retired,2/16/2020,5/15/2020,1d14c273-ce16-4b37-8696-b8a902195634,"Quisque id justo sit amet sapien dignissim vestibulum. Vestibulum ante ipsum primis in faucibus orci luctus et ultrices posuere cubilia Curae; Nulla dapibus dolor vel est. Donec odio justo, sollicitudin ut, suscipit a, feugiat et, eros.",medium,Luxury
896,pending,6/28/2021,4/28/2020,4739f126-c5a7-4458-8927-ae69338d5698,Cras non velit nec nisi vulputate nonummy. Maecenas tincidunt lacus at velit. Vivamus vel nulla eget eros elementum pellentesque.,high,Economical
897,inactive,4/1/2021,11/1/2021,62c4f0a5-7d9a-48f7-bed5-5631e882db64,"Quisque porta volutpat erat. Quisque erat eros, viverra eget, congue eget, semper rutrum, nulla. Nunc purus.",medium,Van
898,pending,3/16/2020,11/11/2020,7e0ed7f7-fe19-4584-a97a-fb6e6ea847a4,Duis consequat dui nec nisi volutpat eleifend. Donec ut dolor. Morbi vel lectus in quam fringilla rhoncus.,high,Luxury
899,pending,4/27/2020,1/24/2021,e616c8d8-5fbc-4d4d-a36c-bef19866c682,Duis consequat dui nec nisi volutpat eleifend. Donec ut dolor. Morbi vel lectus in quam fringilla rhoncus.,high,Sport
900,active,2/13/2020,2/28/2021,8831055a-e7ca-443c-911d-1f51c6b5edf1,Pellentesque at nulla. Suspendisse potenti. Cras in purus eu magna vulputate luctus.,medium,Van
901,active,2/8/2020,5/14/2020,716eefe2-1eaa-4b30-aa97-97b7609d9aad,"Proin interdum mauris non ligula pellentesque ultrices. Phasellus id sapien in sapien iaculis congue. Vivamus metus arcu, adipiscing molestie, hendrerit at, vulputate vitae, nisl.",high,Economical
902,pending,2/3/2021,6/24/2021,b38729c1-5e0a-4f89-8bdb-099c4b408683,Phasellus in felis. Donec semper sapien a libero. Nam dui.,medium,Van
903,retired,2/11/2021,9/26/2021,c1030151-f0c6-4a4e-829b-aeb3a6d1ed1e,Nullam porttitor lacus at turpis. Donec posuere metus vitae ipsum. Aliquam non mauris.,low,Sport
904,active,4/12/2021,8/28/2020,3fee122d-c75f-4c89-812a-3b5c51c93a19,"Praesent blandit. Nam nulla. Integer pede justo, lacinia eget, tincidunt eget, tempus vel, pede.",low,Truck
905,retired,9/18/2021,7/16/2020,cd05f927-8617-4aa2-be47-91f82aaf3953,"Curabitur gravida nisi at nibh. In hac habitasse platea dictumst. Aliquam augue quam, sollicitudin vitae, consectetuer eget, rutrum at, lorem.",low,Extra Large
906,retired,4/5/2020,3/16/2021,3132ed18-e1ba-483d-9a3c-22d8896ab912,"Lorem ipsum dolor sit amet, consectetuer adipiscing elit. Proin risus. Praesent lectus.",medium,Economical
907,retired,5/4/2020,6/13/2020,39b39d91-f7c6-4c7a-8167-34d78db86d44,In quis justo. Maecenas rhoncus aliquam lacus. Morbi quis tortor id nulla ultrices aliquet.,low,Truck
908,inactive,11/27/2021,11/11/2020,cfb780e7-b2b8-48e5-899e-88612c8dbbfe,Sed ante. Vivamus tortor. Duis mattis egestas metus.,medium,Truck
909,inactive,6/22/2020,9/17/2020,be4e8687-0707-4b75-8259-28e1eb02a93e,"Vestibulum ac est lacinia nisi venenatis tristique. Fusce congue, diam id ornare imperdiet, sapien urna pretium nisl, ut volutpat sapien arcu sed augue. Aliquam erat volutpat.",high,Economical
910,inactive,12/24/2020,12/19/2021,41553153-4a68-41d2-a8a0-5c1ae130f433,Praesent id massa id nisl venenatis lacinia. Aenean sit amet justo. Morbi ut odio.,low,Extra Large
911,inactive,8/5/2021,9/15/2021,1bdae5ef-b762-490e-b067-702a990a4f5f,"Cras mi pede, malesuada in, imperdiet et, commodo vulputate, justo. In blandit ultrices enim. Lorem ipsum dolor sit amet, consectetuer adipiscing elit.",high,Sport
912,retired,1/27/2020,2/9/2021,38eaaf1d-3122-479b-ac10-cc7f2eccf185,"Vestibulum quam sapien, varius ut, blandit non, interdum in, ante. Vestibulum ante ipsum primis in faucibus orci luctus et ultrices posuere cubilia Curae; Duis faucibus accumsan odio. Curabitur convallis.",medium,Truck
913,pending,7/6/2021,11/23/2020,1c48fb3d-a534-4cba-af2c-33815a8ded6a,"Sed sagittis. Nam congue, risus semper porta volutpat, quam pede lobortis ligula, sit amet eleifend pede libero quis orci. Nullam molestie nibh in lectus.",medium,Van
914,active,11/7/2020,1/24/2020,0d95aa08-c1df-4189-a5d6-5b30df88f599,Pellentesque at nulla. Suspendisse potenti. Cras in purus eu magna vulputate luctus.,low,Luxury
915,inactive,12/13/2020,10/20/2021,13eeb7e8-8327-4bb5-b2df-3bee414240e8,"Lorem ipsum dolor sit amet, consectetuer adipiscing elit. Proin risus. Praesent lectus.",low,Luxury
916,retired,3/8/2021,11/24/2020,fff1a39e-548a-417a-873e-0278a380129c,"Proin interdum mauris non ligula pellentesque ultrices. Phasellus id sapien in sapien iaculis congue. Vivamus metus arcu, adipiscing molestie, hendrerit at, vulputate vitae, nisl.",low,Sport
917,inactive,2/23/2021,4/9/2020,33ad1382-fd21-4765-bd90-4a2e4d14a1e8,"Aenean fermentum. Donec ut mauris eget massa tempor convallis. Nulla neque libero, convallis eget, eleifend luctus, ultricies eu, nibh.",high,Truck
918,active,7/15/2020,5/5/2020,358629a3-6f88-4df8-b898-998251d40435,"Curabitur in libero ut massa volutpat convallis. Morbi odio odio, elementum eu, interdum eu, tincidunt in, leo. Maecenas pulvinar lobortis est.",low,Van
919,retired,3/31/2020,1/25/2020,f7a3b456-5b84-4625-8afb-26f773a2b2f8,"Cras mi pede, malesuada in, imperdiet et, commodo vulputate, justo. In blandit ultrices enim. Lorem ipsum dolor sit amet, consectetuer adipiscing elit.",high,Extra Large
920,pending,1/29/2021,12/14/2021,4649987a-f7d6-40a8-8902-6af3370c6406,"Fusce posuere felis sed lacus. Morbi sem mauris, laoreet ut, rhoncus aliquet, pulvinar sed, nisl. Nunc rhoncus dui vel sem.",high,Van
921,pending,7/4/2020,1/17/2020,7330f123-cd8f-4d04-b6b3-c4e2ede566b8,In congue. Etiam justo. Etiam pretium iaculis justo.,medium,Luxury
922,pending,8/10/2021,10/6/2020,b3e22c49-b7af-4036-b02a-fb2f1be844d8,Pellentesque at nulla. Suspendisse potenti. Cras in purus eu magna vulputate luctus.,high,Extra Large
923,active,6/11/2021,8/25/2020,2d8cbaae-bfb7-454d-8b73-e9fb67c0b6aa,Etiam vel augue. Vestibulum rutrum rutrum neque. Aenean auctor gravida sem.,medium,Truck
924,active,3/17/2020,9/1/2021,f0eda68b-8bbc-42ec-941a-4a7dde71a006,"Proin leo odio, porttitor id, consequat in, consequat ut, nulla. Sed accumsan felis. Ut at dolor quis odio consequat varius.",low,Luxury
925,inactive,5/10/2021,3/20/2021,d2f8dd34-bca6-4a07-af97-d744b2a21de4,Aenean lectus. Pellentesque eget nunc. Donec quis orci eget orci vehicula condimentum.,high,Truck
926,pending,10/2/2020,2/19/2020,d61a45a4-46da-4b32-8cea-417608567186,Phasellus in felis. Donec semper sapien a libero. Nam dui.,medium,Van
927,retired,2/10/2021,7/20/2020,dddaf0c3-9910-46d7-9c82-3cd333f8b8e5,Integer tincidunt ante vel ipsum. Praesent blandit lacinia erat. Vestibulum sed magna at nunc commodo placerat.,low,Sport
928,active,8/1/2020,10/27/2020,8060dfda-326a-4475-80a4-e80d613caa83,"In sagittis dui vel nisl. Duis ac nibh. Fusce lacus purus, aliquet at, feugiat non, pretium quis, lectus.",low,Van
929,active,9/6/2021,6/18/2020,68053790-0ed6-4424-ac6e-10301edf499c,Duis consequat dui nec nisi volutpat eleifend. Donec ut dolor. Morbi vel lectus in quam fringilla rhoncus.,low,Economical
930,active,6/29/2020,2/26/2021,7ca929e9-05b3-4f5c-8ff9-2b040c62195c,Phasellus in felis. Donec semper sapien a libero. Nam dui.,low,Economical
931,retired,2/16/2021,5/8/2020,9a476f99-651e-4d09-a615-425df6eca278,In congue. Etiam justo. Etiam pretium iaculis justo.,low,Economical
932,retired,8/7/2021,8/26/2021,665ab764-b6b6-4d7c-a300-58ddd2210aa4,"Morbi non lectus. Aliquam sit amet diam in magna bibendum imperdiet. Nullam orci pede, venenatis non, sodales sed, tincidunt eu, felis.",low,Truck
933,active,1/22/2020,9/16/2021,5f1ae021-fbe1-415d-9c29-aa2fc93edd94,"Fusce posuere felis sed lacus. Morbi sem mauris, laoreet ut, rhoncus aliquet, pulvinar sed, nisl. Nunc rhoncus dui vel sem.",low,Luxury
934,inactive,9/4/2020,5/21/2021,de58f43f-cfec-4730-8215-d4ba751a35cd,Cras non velit nec nisi vulputate nonummy. Maecenas tincidunt lacus at velit. Vivamus vel nulla eget eros elementum pellentesque.,medium,Extra Large
935,pending,1/11/2021,12/12/2020,a2f7b7ff-3e89-4df4-af6a-38de67baeeb7,"Curabitur in libero ut massa volutpat convallis. Morbi odio odio, elementum eu, interdum eu, tincidunt in, leo. Maecenas pulvinar lobortis est.",high,Economical
936,retired,9/17/2021,10/4/2020,d6e21d4e-eacb-4bbc-a52f-e6715635df4b,Duis consequat dui nec nisi volutpat eleifend. Donec ut dolor. Morbi vel lectus in quam fringilla rhoncus.,high,Truck
937,pending,9/2/2020,4/14/2021,34bb0f35-5aba-47fd-9ed8-de9e74f7c1dd,"Proin interdum mauris non ligula pellentesque ultrices. Phasellus id sapien in sapien iaculis congue. Vivamus metus arcu, adipiscing molestie, hendrerit at, vulputate vitae, nisl.",low,Luxury
938,inactive,2/12/2020,5/19/2021,fee174e6-778d-428a-8846-5c04fe681c2b,Nullam porttitor lacus at turpis. Donec posuere metus vitae ipsum. Aliquam non mauris.,low,Van
939,pending,10/12/2021,7/18/2020,ebe3e90a-ddf1-46ea-ab17-578ac38d79f6,"Maecenas tristique, est et tempus semper, est quam pharetra magna, ac consequat metus sapien ut nunc. Vestibulum ante ipsum primis in faucibus orci luctus et ultrices posuere cubilia Curae; Mauris viverra diam vitae quam. Suspendisse potenti.",medium,Extra Large
940,active,8/14/2021,10/30/2021,7c56accc-5e3f-4c0c-9d6f-5fa0f7e0d882,Aenean lectus. Pellentesque eget nunc. Donec quis orci eget orci vehicula condimentum.,high,Van
941,retired,1/17/2020,4/24/2021,fc426cb2-4ad3-483f-8c12-4ee7455a7a12,Sed ante. Vivamus tortor. Duis mattis egestas metus.,low,Truck
942,retired,10/20/2020,1/4/2020,f1f89a5a-8ecf-46ea-a22d-448d7737a7f8,Aenean lectus. Pellentesque eget nunc. Donec quis orci eget orci vehicula condimentum.,high,Luxury
943,pending,10/27/2021,4/12/2020,b30497ab-1dde-4a5f-b47b-b4a4149b5d79,"Sed sagittis. Nam congue, risus semper porta volutpat, quam pede lobortis ligula, sit amet eleifend pede libero quis orci. Nullam molestie nibh in lectus.",medium,Sport
944,active,9/3/2020,2/6/2020,d4d10d5b-49d4-468c-8ca1-f4ce594a7ab6,"Donec diam neque, vestibulum eget, vulputate ut, ultrices vel, augue. Vestibulum ante ipsum primis in faucibus orci luctus et ultrices posuere cubilia Curae; Donec pharetra, magna vestibulum aliquet ultrices, erat tortor sollicitudin mi, sit amet lobortis sapien sapien non mi. Integer ac neque.",high,Luxury
945,inactive,8/29/2020,8/31/2020,eff623cb-790a-4233-9af1-e6cf60e6ae8a,Nulla ut erat id mauris vulputate elementum. Nullam varius. Nulla facilisi.,low,Truck
946,active,9/25/2020,8/24/2020,e50178da-dbde-4451-911c-c1a8a17fb1bd,"Donec diam neque, vestibulum eget, vulputate ut, ultrices vel, augue. Vestibulum ante ipsum primis in faucibus orci luctus et ultrices posuere cubilia Curae; Donec pharetra, magna vestibulum aliquet ultrices, erat tortor sollicitudin mi, sit amet lobortis sapien sapien non mi. Integer ac neque.",high,Extra Large
947,active,5/20/2021,7/12/2020,07c44eea-0f0a-49d8-a261-2bb5a1ef4204,In hac habitasse platea dictumst. Etiam faucibus cursus urna. Ut tellus.,high,Economical
948,retired,6/15/2021,3/29/2020,e66f024c-001a-4c48-9bb3-56cadaa1f20d,"Curabitur gravida nisi at nibh. In hac habitasse platea dictumst. Aliquam augue quam, sollicitudin vitae, consectetuer eget, rutrum at, lorem.",low,Economical
949,inactive,5/16/2021,2/1/2020,d4e947b0-b3b6-4b0c-b6ba-4e4e84377238,Nullam sit amet turpis elementum ligula vehicula consequat. Morbi a ipsum. Integer a nibh.,low,Extra Large
950,inactive,1/9/2020,9/9/2021,1464a888-e91a-42cd-8627-5b32b7c8c599,"Curabitur in libero ut massa volutpat convallis. Morbi odio odio, elementum eu, interdum eu, tincidunt in, leo. Maecenas pulvinar lobortis est.",medium,Economical
951,pending,10/2/2020,2/22/2021,453fb058-dd4a-4cf9-b7d3-3d8bbdfcee37,"Fusce posuere felis sed lacus. Morbi sem mauris, laoreet ut, rhoncus aliquet, pulvinar sed, nisl. Nunc rhoncus dui vel sem.",medium,Extra Large
952,active,6/26/2020,9/23/2020,dc3d243d-3a24-42df-aa38-cff73417bd75,In hac habitasse platea dictumst. Etiam faucibus cursus urna. Ut tellus.,high,Sport
953,inactive,3/3/2020,8/29/2020,4d7d7683-7502-42c7-a7b7-95a2abecd008,Sed ante. Vivamus tortor. Duis mattis egestas metus.,low,Sport
954,retired,12/8/2021,12/5/2021,d2a2431d-1b1c-4bde-8767-f8d3d96d20f9,Sed ante. Vivamus tortor. Duis mattis egestas metus.,medium,Extra Large
955,inactive,8/19/2020,4/2/2020,e1b2a571-acbb-40a0-915b-c545f228dd1a,Duis consequat dui nec nisi volutpat eleifend. Donec ut dolor. Morbi vel lectus in quam fringilla rhoncus.,medium,Economical
956,inactive,12/13/2020,7/25/2021,8b240389-2e90-402a-a84e-0bf84b303cf4,"Proin interdum mauris non ligula pellentesque ultrices. Phasellus id sapien in sapien iaculis congue. Vivamus metus arcu, adipiscing molestie, hendrerit at, vulputate vitae, nisl.",low,Van
957,retired,1/25/2020,4/2/2021,a24d0636-b925-43fe-a643-f31143f2a57b,"Sed sagittis. Nam congue, risus semper porta volutpat, quam pede lobortis ligula, sit amet eleifend pede libero quis orci. Nullam molestie nibh in lectus.",high,Extra Large
958,retired,2/18/2021,3/14/2021,81d5909e-0004-4f55-9b50-7c70e9a5fe79,"Maecenas leo odio, condimentum id, luctus nec, molestie sed, justo. Pellentesque viverra pede ac diam. Cras pellentesque volutpat dui.",medium,Truck
959,inactive,10/19/2020,4/24/2020,f8534a9e-2f77-497c-b461-6d4808b7ad80,Etiam vel augue. Vestibulum rutrum rutrum neque. Aenean auctor gravida sem.,medium,Truck
960,pending,9/27/2020,12/4/2020,d695eff7-3a89-49c0-96eb-ebf30f07b89d,"Praesent blandit. Nam nulla. Integer pede justo, lacinia eget, tincidunt eget, tempus vel, pede.",high,Van
961,pending,11/14/2020,4/7/2020,ac0e4ed2-f200-4e44-85ba-92adacb1b7c2,Suspendisse potenti. In eleifend quam a odio. In hac habitasse platea dictumst.,high,Economical
962,inactive,4/3/2020,10/13/2020,b76e3352-176a-44a8-bf6a-9c4452a8de56,Maecenas ut massa quis augue luctus tincidunt. Nulla mollis molestie lorem. Quisque ut erat.,low,Luxury
963,retired,9/23/2020,11/12/2021,88606d1c-4f36-42f4-8013-063e1883d80e,"Vestibulum ac est lacinia nisi venenatis tristique. Fusce congue, diam id ornare imperdiet, sapien urna pretium nisl, ut volutpat sapien arcu sed augue. Aliquam erat volutpat.",high,Truck
964,pending,11/21/2021,6/19/2020,e087db37-387d-47eb-addc-f16b1a52d60a,"Aenean fermentum. Donec ut mauris eget massa tempor convallis. Nulla neque libero, convallis eget, eleifend luctus, ultricies eu, nibh.",high,Extra Large
965,retired,7/26/2021,3/20/2020,1375aade-e657-42cc-8351-8280171c96ec,Nullam sit amet turpis elementum ligula vehicula consequat. Morbi a ipsum. Integer a nibh.,high,Van
966,pending,2/2/2020,4/21/2021,02478c61-436e-41f1-a845-549f7766f6b1,Duis consequat dui nec nisi volutpat eleifend. Donec ut dolor. Morbi vel lectus in quam fringilla rhoncus.,high,Sport
967,retired,12/18/2021,4/28/2021,34034707-cbe0-4c47-a39e-1adcd3588053,Duis aliquam convallis nunc. Proin at turpis a pede posuere nonummy. Integer non velit.,medium,Truck
968,inactive,8/11/2021,1/19/2020,1db955f1-ca83-4620-b172-78f46231c42f,"Morbi non lectus. Aliquam sit amet diam in magna bibendum imperdiet. Nullam orci pede, venenatis non, sodales sed, tincidunt eu, felis.",low,Extra Large
969,active,10/18/2021,7/18/2020,5ccf415c-84ef-49a2-ad08-496fd9bcaaa9,"Nam ultrices, libero non mattis pulvinar, nulla pede ullamcorper augue, a suscipit nulla elit ac nulla. Sed vel enim sit amet nunc viverra dapibus. Nulla suscipit ligula in lacus.",high,Sport
970,active,9/28/2021,1/18/2021,bcf0fccb-6b52-44d3-8be4-1e743afd9fcc,Phasellus sit amet erat. Nulla tempus. Vivamus in felis eu sapien cursus vestibulum.,high,Luxury
971,pending,1/5/2021,12/14/2021,4c17a115-1560-42c5-8b9b-0e715ff8c338,"Aenean fermentum. Donec ut mauris eget massa tempor convallis. Nulla neque libero, convallis eget, eleifend luctus, ultricies eu, nibh.",low,Van
972,active,8/14/2021,3/17/2021,13a936a6-f6b1-44db-9fc4-5915fa9e3a43,Nulla ut erat id mauris vulputate elementum. Nullam varius. Nulla facilisi.,high,Luxury
973,active,7/2/2021,12/8/2021,69989565-f49a-466a-878c-1a6ee223d18f,In congue. Etiam justo. Etiam pretium iaculis justo.,low,Truck
974,inactive,4/4/2020,4/2/2020,cf7871cb-89f8-40b7-aaf2-68ae0b8f6d2e,"Curabitur at ipsum ac tellus semper interdum. Mauris ullamcorper purus sit amet nulla. Quisque arcu libero, rutrum ac, lobortis vel, dapibus at, diam.",medium,Economical
975,retired,4/10/2020,7/14/2020,e8b49180-8a65-4023-8db4-c15cf6f46020,"Vestibulum ac est lacinia nisi venenatis tristique. Fusce congue, diam id ornare imperdiet, sapien urna pretium nisl, ut volutpat sapien arcu sed augue. Aliquam erat volutpat.",high,Luxury
976,pending,11/3/2020,2/24/2021,2e50588c-d31e-4bda-b90d-ab7fe2c30927,"Vestibulum quam sapien, varius ut, blandit non, interdum in, ante. Vestibulum ante ipsum primis in faucibus orci luctus et ultrices posuere cubilia Curae; Duis faucibus accumsan odio. Curabitur convallis.",high,Economical
977,pending,8/20/2021,1/8/2021,b227006b-fd7b-45b9-a2d1-4194cc502be3,Phasellus sit amet erat. Nulla tempus. Vivamus in felis eu sapien cursus vestibulum.,high,Luxury
978,inactive,2/26/2021,12/15/2020,2929ad3d-5775-407b-81bc-3361f4705d8c,Aliquam quis turpis eget elit sodales scelerisque. Mauris sit amet eros. Suspendisse accumsan tortor quis turpis.,low,Van
979,pending,2/26/2021,6/4/2021,d6e76de0-630e-4ecc-b426-cafae74182fc,"Vestibulum quam sapien, varius ut, blandit non, interdum in, ante. Vestibulum ante ipsum primis in faucibus orci luctus et ultrices posuere cubilia Curae; Duis faucibus accumsan odio. Curabitur convallis.",medium,Van
980,active,9/17/2020,3/29/2020,e43ef432-39a0-4f39-aa24-b0208696f07d,Suspendisse potenti. In eleifend quam a odio. In hac habitasse platea dictumst.,high,Extra Large
981,pending,8/13/2021,2/12/2021,e1e696a7-0785-4b30-862f-f28df73890d4,"Sed sagittis. Nam congue, risus semper porta volutpat, quam pede lobortis ligula, sit amet eleifend pede libero quis orci. Nullam molestie nibh in lectus.",low,Extra Large
982,retired,6/13/2020,12/27/2021,6cd203ff-3e99-40a8-80a8-3fb03ff16d80,"Praesent blandit. Nam nulla. Integer pede justo, lacinia eget, tincidunt eget, tempus vel, pede.",medium,Sport
983,retired,9/3/2020,3/13/2021,d540ebff-9fd5-4eae-8ffc-a1e0858a765f,"In hac habitasse platea dictumst. Morbi vestibulum, velit id pretium iaculis, diam erat fermentum justo, nec condimentum neque sapien placerat ante. Nulla justo.",low,Truck
984,retired,7/23/2020,4/9/2021,ddaa1830-55bb-4d55-bb77-b10918e39bbe,Cras non velit nec nisi vulputate nonummy. Maecenas tincidunt lacus at velit. Vivamus vel nulla eget eros elementum pellentesque.,medium,Van
985,retired,8/23/2021,11/20/2021,e4783e22-d9d7-41ec-b8c5-fb561af5c02a,"Vestibulum ac est lacinia nisi venenatis tristique. Fusce congue, diam id ornare imperdiet, sapien urna pretium nisl, ut volutpat sapien arcu sed augue. Aliquam erat volutpat.",low,Van
986,pending,6/11/2020,12/25/2021,129fb613-3ff8-46d9-a746-814a178f7366,Nulla ut erat id mauris vulputate elementum. Nullam varius. Nulla facilisi.,high,Truck
987,pending,4/7/2021,7/16/2020,dc680455-8795-464d-b12a-f96daeb17c91,"Vestibulum ac est lacinia nisi venenatis tristique. Fusce congue, diam id ornare imperdiet, sapien urna pretium nisl, ut volutpat sapien arcu sed augue. Aliquam erat volutpat.",low,Truck
988,inactive,6/9/2021,6/21/2021,7e006fa9-98c7-44f5-89ad-633c954ccdcc,"Lorem ipsum dolor sit amet, consectetuer adipiscing elit. Proin risus. Praesent lectus.",high,Sport
989,retired,12/12/2021,3/24/2021,d4e16901-3f66-4174-8fe1-b5c0016b3d07,"Morbi non lectus. Aliquam sit amet diam in magna bibendum imperdiet. Nullam orci pede, venenatis non, sodales sed, tincidunt eu, felis.",high,Luxury
990,pending,6/16/2020,11/15/2021,b1a3288b-0972-4cea-b780-c860b4710d09,"Vestibulum ac est lacinia nisi venenatis tristique. Fusce congue, diam id ornare imperdiet, sapien urna pretium nisl, ut volutpat sapien arcu sed augue. Aliquam erat volutpat.",low,Luxury
991,active,6/25/2020,12/25/2020,45a57c1e-741a-4040-b233-42d124f94a7e,Duis aliquam convallis nunc. Proin at turpis a pede posuere nonummy. Integer non velit.,low,Van
992,inactive,1/8/2021,6/29/2020,cb954156-0150-4cd8-b297-a724321c47e5,Fusce consequat. Nulla nisl. Nunc nisl.,low,Luxury
993,retired,2/7/2020,1/7/2020,b4370352-f05e-4ccc-9d56-428490d90a38,In hac habitasse platea dictumst. Etiam faucibus cursus urna. Ut tellus.,high,Economical
994,inactive,5/27/2020,11/21/2021,6063a77f-d1f8-489f-98b7-de8ee671f902,Nullam porttitor lacus at turpis. Donec posuere metus vitae ipsum. Aliquam non mauris.,high,Truck
995,active,3/11/2021,12/29/2020,ca35dfa5-cc81-4d14-bf2e-df8f6e188fdf,"Aenean fermentum. Donec ut mauris eget massa tempor convallis. Nulla neque libero, convallis eget, eleifend luctus, ultricies eu, nibh.",low,Extra Large
996,inactive,4/24/2021,3/1/2020,81e2b55b-188c-4e94-915b-567707345ab0,"Quisque porta volutpat erat. Quisque erat eros, viverra eget, congue eget, semper rutrum, nulla. Nunc purus.",medium,Sport
997,inactive,3/1/2021,8/15/2020,3ea4ed68-8582-4fd9-9cf0-62985f995335,Aliquam quis turpis eget elit sodales scelerisque. Mauris sit amet eros. Suspendisse accumsan tortor quis turpis.,medium,Extra Large
998,inactive,7/10/2020,4/14/2021,b5c53ae9-d749-46fa-8f36-d4cbb2fe80cb,In congue. Etiam justo. Etiam pretium iaculis justo.,low,Truck
999,pending,5/29/2021,1/29/2020,c98a1736-958e-4fba-8a90-98b3392d6e60,"Lorem ipsum dolor sit amet, consectetuer adipiscing elit. Proin risus. Praesent lectus.",high,Van
1000,pending,8/3/2020,5/13/2020,9fed82ed-a35f-478f-8348-c1fdec087da2,"Maecenas tristique, est et tempus semper, est quam pharetra magna, ac consequat metus sapien ut nunc. Vestibulum ante ipsum primis in faucibus orci luctus et ultrices posuere cubilia Curae; Mauris viverra diam vitae quam. Suspendisse potenti.",medium,Luxury
